
SUMMARISING RUN PARAMETERS
==========================
Input filename: /beegfs/scratch/ric.sessa/kubacki.michal/SRF_Eva/90-1222471453/00_fastq/IggMs_R2_001.fastq.gz
Trimming mode: paired-end
Trim Galore version: 0.6.10
Cutadapt version: 5.1
Python version: 3.12.10
Number of cores used for trimming: 8
Quality Phred score cutoff: 20
Quality encoding type selected: ASCII+33
Using Nextera adapter for trimming (count: 767606). Second best hit was Illumina (count: 0)
Adapter sequence: 'CTGTCTCTTATA' (Nextera Transposase sequence; auto-detected)
Maximum trimming error rate: 0.1 (default)
Minimum required adapter overlap (stringency): 5 bp
Minimum required sequence length for both reads before a sequence pair gets removed: 20 bp
Running FastQC on the data once trimming has completed
Output file will be GZIP compressed


This is cutadapt 5.1 with Python 3.12.10
Command line parameters: -j 8 -e 0.1 -q 20 -O 5 -a CTGTCTCTTATA /beegfs/scratch/ric.sessa/kubacki.michal/SRF_Eva/90-1222471453/00_fastq/IggMs_R2_001.fastq.gz
Processing single-end reads on 8 cores ...

=== Summary ===

Total reads processed:              71,369,603
Reads with adapters:                56,125,579 (78.6%)
Reads written (passing filters):    71,369,603 (100.0%)

Total basepairs processed: 10,705,440,450 bp
Quality-trimmed:              13,909,972 bp (0.1%)
Total written (filtered):  7,120,196,728 bp (66.5%)

=== Adapter 1 ===

Sequence: CTGTCTCTTATA; Type: regular 3'; Length: 12; Trimmed: 56125579 times

Minimum overlap: 5
No. of allowed errors:
1-9 bp: 0; 10-12 bp: 1

Bases preceding removed adapters:
  A: 9.2%
  C: 47.5%
  G: 25.6%
  T: 17.7%
  none/other: 0.0%

Overview of removed sequences
length	count	expect	max.err	error counts
5	309246	69696.9	0	309246
6	302100	17424.2	0	302100
7	275997	4356.1	0	275997
8	287929	1089.0	0	287929
9	299333	272.3	0	298983 350
10	315553	68.1	1	313265 2288
11	340701	17.0	1	336807 3894
12	355264	4.3	1	348205 7059
13	358592	4.3	1	353898 4694
14	361758	4.3	1	358434 3324
15	348734	4.3	1	346078 2656
16	343152	4.3	1	340395 2757
17	330529	4.3	1	327283 3246
18	328549	4.3	1	325142 3407
19	338227	4.3	1	334847 3380
20	351012	4.3	1	348034 2978
21	379501	4.3	1	376600 2901
22	398592	4.3	1	395126 3466
23	421533	4.3	1	418466 3067
24	420435	4.3	1	416880 3555
25	412681	4.3	1	408717 3964
26	397415	4.3	1	393147 4268
27	385356	4.3	1	381691 3665
28	371693	4.3	1	366060 5633
29	376034	4.3	1	370883 5151
30	389925	4.3	1	384931 4994
31	418564	4.3	1	414285 4279
32	444598	4.3	1	440951 3647
33	471328	4.3	1	467465 3863
34	483433	4.3	1	478879 4554
35	475571	4.3	1	471792 3779
36	450232	4.3	1	446382 3850
37	429987	4.3	1	426014 3973
38	416165	4.3	1	412140 4025
39	402750	4.3	1	399156 3594
40	414259	4.3	1	409596 4663
41	446278	4.3	1	442071 4207
42	486083	4.3	1	481098 4985
43	542417	4.3	1	537337 5080
44	534172	4.3	1	528788 5384
45	550128	4.3	1	544549 5579
46	527765	4.3	1	522552 5213
47	490375	4.3	1	484721 5654
48	458592	4.3	1	453620 4972
49	445820	4.3	1	441038 4782
50	455810	4.3	1	450200 5610
51	457015	4.3	1	452437 4578
52	517843	4.3	1	511847 5996
53	613578	4.3	1	607270 6308
54	546897	4.3	1	541912 4985
55	617853	4.3	1	612183 5670
56	602096	4.3	1	596373 5723
57	553795	4.3	1	548420 5375
58	511277	4.3	1	506384 4893
59	484733	4.3	1	479916 4817
60	471470	4.3	1	466879 4591
61	489170	4.3	1	484508 4662
62	536692	4.3	1	530915 5777
63	625458	4.3	1	618033 7425
64	702067	4.3	1	694302 7765
65	777667	4.3	1	769769 7898
66	772975	4.3	1	766988 5987
67	860086	4.3	1	855445 4641
68	259412	4.3	1	256999 2413
69	514142	4.3	1	510648 3494
70	492059	4.3	1	488230 3829
71	501139	4.3	1	496680 4459
72	548188	4.3	1	544560 3628
73	630180	4.3	1	626181 3999
74	739352	4.3	1	734868 4484
75	816517	4.3	1	811479 5038
76	873173	4.3	1	867825 5348
77	794878	4.3	1	788367 6511
78	704736	4.3	1	699401 5335
79	610570	4.3	1	606172 4398
80	547909	4.3	1	542127 5782
81	535033	4.3	1	530942 4091
82	569155	4.3	1	564537 4618
83	655212	4.3	1	650432 4780
84	806013	4.3	1	800850 5163
85	946858	4.3	1	939897 6961
86	1060556	4.3	1	1053026 7530
87	999620	4.3	1	992967 6653
88	871384	4.3	1	865927 5457
89	727027	4.3	1	721927 5100
90	609323	4.3	1	605320 4003
91	562094	4.3	1	558165 3929
92	567722	4.3	1	563819 3903
93	636561	4.3	1	632130 4431
94	778850	4.3	1	774077 4773
95	926235	4.3	1	919532 6703
96	1057077	4.3	1	1050557 6520
97	1037946	4.3	1	1031764 6182
98	890322	4.3	1	886435 3887
99	701635	4.3	1	697706 3929
100	542322	4.3	1	539595 2727
101	431285	4.3	1	428722 2563
102	391279	4.3	1	388456 2823
103	396346	4.3	1	393290 3056
104	439497	4.3	1	436880 2617
105	448500	4.3	1	445774 2726
106	435940	4.3	1	433520 2420
107	363909	4.3	1	361538 2371
108	287906	4.3	1	285829 2077
109	215139	4.3	1	213788 1351
110	154244	4.3	1	153089 1155
111	98659	4.3	1	98002 657
112	64754	4.3	1	64211 543
113	51601	4.3	1	51129 472
114	42546	4.3	1	41968 578
115	26556	4.3	1	26269 287
116	16693	4.3	1	16514 179
117	11770	4.3	1	11379 391
118	8779	4.3	1	8624 155
119	5154	4.3	1	4796 358
120	3495	4.3	1	3364 131
121	2576	4.3	1	2446 130
122	1855	4.3	1	1690 165
123	1205	4.3	1	1089 116
124	2120	4.3	1	754 1366
125	639	4.3	1	155 484
126	337	4.3	1	124 213
127	482	4.3	1	38 444
128	156	4.3	1	28 128
129	456	4.3	1	27 429
130	146	4.3	1	37 109
131	253	4.3	1	59 194
132	267	4.3	1	43 224
133	159	4.3	1	14 145
134	792	4.3	1	21 771
135	191	4.3	1	9 182
136	152	4.3	1	14 138
137	866	4.3	1	15 851
138	149	4.3	1	12 137
139	129	4.3	1	4 125
140	114	4.3	1	10 104
141	215	4.3	1	31 184
142	931	4.3	1	22 909
143	114	4.3	1	2 112
144	87	4.3	1	15 72
145	67	4.3	1	18 49
146	54	4.3	1	9 45
147	885	4.3	1	26 859
148	230	4.3	1	8 222
149	264	4.3	1	123 141
150	17596	4.3	1	16983 613

RUN STATISTICS FOR INPUT FILE: /beegfs/scratch/ric.sessa/kubacki.michal/SRF_Eva/90-1222471453/00_fastq/IggMs_R2_001.fastq.gz
=============================================
71369603 sequences processed in total

Total number of sequences analysed for the sequence pair length validation: 71369603

Number of sequence pairs removed because at least one read was shorter than the length cutoff (20 bp): 68372 (0.10%)
