
SUMMARISING RUN PARAMETERS
==========================
Input filename: /beegfs/scratch/ric.sessa/kubacki.michal/SRF_Eva/90-1222471453/00_fastq/IggMs_R1_001.fastq.gz
Trimming mode: paired-end
Trim Galore version: 0.6.10
Cutadapt version: 5.1
Python version: 3.12.10
Number of cores used for trimming: 8
Quality Phred score cutoff: 20
Quality encoding type selected: ASCII+33
Using Nextera adapter for trimming (count: 767606). Second best hit was Illumina (count: 0)
Adapter sequence: 'CTGTCTCTTATA' (Nextera Transposase sequence; auto-detected)
Maximum trimming error rate: 0.1 (default)
Minimum required adapter overlap (stringency): 5 bp
Minimum required sequence length for both reads before a sequence pair gets removed: 20 bp
Running FastQC on the data once trimming has completed
Output file will be GZIP compressed


This is cutadapt 5.1 with Python 3.12.10
Command line parameters: -j 8 -e 0.1 -q 20 -O 5 -a CTGTCTCTTATA /beegfs/scratch/ric.sessa/kubacki.michal/SRF_Eva/90-1222471453/00_fastq/IggMs_R1_001.fastq.gz
Processing single-end reads on 8 cores ...

=== Summary ===

Total reads processed:              71,369,603
Reads with adapters:                56,125,518 (78.6%)
Reads written (passing filters):    71,369,603 (100.0%)

Total basepairs processed: 10,705,440,450 bp
Quality-trimmed:             151,995,922 bp (1.4%)
Total written (filtered):  7,118,422,902 bp (66.5%)

=== Adapter 1 ===

Sequence: CTGTCTCTTATA; Type: regular 3'; Length: 12; Trimmed: 56125518 times

Minimum overlap: 5
No. of allowed errors:
1-9 bp: 0; 10-12 bp: 1

Bases preceding removed adapters:
  A: 9.3%
  C: 47.2%
  G: 25.6%
  T: 17.8%
  none/other: 0.0%

Overview of removed sequences
length	count	expect	max.err	error counts
5	309209	69696.9	0	309209
6	295528	17424.2	0	295528
7	283707	4356.1	0	283707
8	289767	1089.0	0	289767
9	302250	272.3	0	301857 393
10	313839	68.1	1	310462 3377
11	343071	17.0	1	337150 5921
12	352439	4.3	1	349200 3239
13	363280	4.3	1	357077 6203
14	359693	4.3	1	355307 4386
15	354500	4.3	1	348390 6110
16	343794	4.3	1	338704 5090
17	330427	4.3	1	325650 4777
18	330399	4.3	1	324747 5652
19	339719	4.3	1	332496 7223
20	349509	4.3	1	344422 5087
21	391650	4.3	1	382832 8818
22	396653	4.3	1	391495 5158
23	422187	4.3	1	416751 5436
24	416536	4.3	1	411793 4743
25	409363	4.3	1	403218 6145
26	400284	4.3	1	394593 5691
27	392435	4.3	1	384491 7944
28	372206	4.3	1	367005 5201
29	390131	4.3	1	380786 9345
30	392301	4.3	1	386060 6241
31	426312	4.3	1	419658 6654
32	450842	4.3	1	443524 7318
33	474170	4.3	1	468221 5949
34	480968	4.3	1	473116 7852
35	476740	4.3	1	469402 7338
36	468149	4.3	1	460482 7667
37	439419	4.3	1	431943 7476
38	427266	4.3	1	420369 6897
39	416723	4.3	1	410007 6716
40	436949	4.3	1	427385 9564
41	457692	4.3	1	450695 6997
42	530917	4.3	1	519930 10987
43	579362	4.3	1	566588 12774
44	1019967	4.3	1	987199 32768
45	889267	4.3	1	872765 16502
46	1350857	4.3	1	1328705 22152
47	297309	4.3	1	289644 7665
48	3256732	4.3	1	3230117 26615
49	2773061	4.3	1	2758409 14652
50	418241	4.3	1	412898 5343
51	906246	4.3	1	902080 4166
52	564354	4.3	1	560327 4027
53	256870	4.3	1	254899 1971
54	544285	4.3	1	541627 2658
55	28580	4.3	1	27196 1384
56	346100	4.3	1	344107 1993
57	140941	4.3	1	139494 1447
58	232690	4.3	1	230157 2533
59	820992	4.3	1	816788 4204
60	156814	4.3	1	154886 1928
61	557895	4.3	1	554355 3540
62	118462	4.3	1	116845 1617
63	138377	4.3	1	136454 1923
64	372248	4.3	1	368946 3302
65	766737	4.3	1	760813 5924
66	233973	4.3	1	231444 2529
67	25734	4.3	1	24155 1579
68	115522	4.3	1	114128 1394
69	217339	4.3	1	215722 1617
70	254813	4.3	1	252933 1880
71	196615	4.3	1	195128 1487
72	120260	4.3	1	118959 1301
73	128621	4.3	1	126532 2089
74	473838	4.3	1	469819 4019
75	692762	4.3	1	686980 5782
76	790074	4.3	1	783649 6425
77	750871	4.3	1	745107 5764
78	673570	4.3	1	669107 4463
79	591662	4.3	1	587373 4289
80	531804	4.3	1	527969 3835
81	517123	4.3	1	513294 3829
82	552584	4.3	1	548468 4116
83	640557	4.3	1	635945 4612
84	788048	4.3	1	782642 5406
85	919654	4.3	1	913044 6610
86	1032690	4.3	1	1025808 6882
87	981441	4.3	1	974086 7355
88	853643	4.3	1	847508 6135
89	712470	4.3	1	706582 5888
90	598675	4.3	1	593493 5182
91	551569	4.3	1	546611 4958
92	556636	4.3	1	551636 5000
93	626937	4.3	1	620821 6116
94	767361	4.3	1	759672 7689
95	913155	4.3	1	905367 7788
96	1042474	4.3	1	1031644 10830
97	1021567	4.3	1	1013794 7773
98	876841	4.3	1	870016 6825
99	691725	4.3	1	686753 4972
100	534983	4.3	1	530228 4755
101	425516	4.3	1	422724 2792
102	386334	4.3	1	383395 2939
103	390957	4.3	1	388601 2356
104	433992	4.3	1	430943 3049
105	442806	4.3	1	437413 5393
106	430613	4.3	1	427749 2864
107	359750	4.3	1	355357 4393
108	284898	4.3	1	282622 2276
109	212867	4.3	1	210549 2318
110	152666	4.3	1	151564 1102
111	97756	4.3	1	96778 978
112	64142	4.3	1	63513 629
113	51212	4.3	1	50679 533
114	42060	4.3	1	41399 661
115	26366	4.3	1	25948 418
116	16604	4.3	1	16337 267
117	11701	4.3	1	11241 460
118	8726	4.3	1	8531 195
119	5210	4.3	1	4742 468
120	3466	4.3	1	3321 145
121	2584	4.3	1	2426 158
122	1875	4.3	1	1671 204
123	1198	4.3	1	1081 117
124	1877	4.3	1	734 1143
125	593	4.3	1	154 439
126	376	4.3	1	119 257
127	466	4.3	1	42 424
128	185	4.3	1	28 157
129	412	4.3	1	31 381
130	126	4.3	1	38 88
131	344	4.3	1	67 277
132	289	4.3	1	27 262
133	174	4.3	1	10 164
134	755	4.3	1	11 744
135	155	4.3	1	8 147
136	209	4.3	1	32 177
137	745	4.3	1	18 727
138	123	4.3	1	7 116
139	122	4.3	1	15 107
140	138	4.3	1	11 127
141	212	4.3	1	30 182
142	814	4.3	1	30 784
143	154	4.3	1	4 150
144	97	4.3	1	11 86
145	46	4.3	1	21 25
146	98	4.3	1	13 85
147	737	4.3	1	21 716
148	164	4.3	1	13 151
149	175	4.3	1	91 84
150	17631	4.3	1	16664 967

RUN STATISTICS FOR INPUT FILE: /beegfs/scratch/ric.sessa/kubacki.michal/SRF_Eva/90-1222471453/00_fastq/IggMs_R1_001.fastq.gz
=============================================
71369603 sequences processed in total

