
SUMMARISING RUN PARAMETERS
==========================
Input filename: /beegfs/scratch/ric.sessa/kubacki.michal/SRF_Eva/90-1222471453/00_fastq/IggRb_R1_001.fastq.gz
Trimming mode: paired-end
Trim Galore version: 0.6.10
Cutadapt version: 5.1
Python version: 3.12.10
Number of cores used for trimming: 8
Quality Phred score cutoff: 20
Quality encoding type selected: ASCII+33
Using Nextera adapter for trimming (count: 742788). Second best hit was smallRNA (count: 4)
Adapter sequence: 'CTGTCTCTTATA' (Nextera Transposase sequence; auto-detected)
Maximum trimming error rate: 0.1 (default)
Minimum required adapter overlap (stringency): 5 bp
Minimum required sequence length for both reads before a sequence pair gets removed: 20 bp
Running FastQC on the data once trimming has completed
Output file will be GZIP compressed


This is cutadapt 5.1 with Python 3.12.10
Command line parameters: -j 8 -e 0.1 -q 20 -O 5 -a CTGTCTCTTATA /beegfs/scratch/ric.sessa/kubacki.michal/SRF_Eva/90-1222471453/00_fastq/IggRb_R1_001.fastq.gz
Processing single-end reads on 8 cores ...

=== Summary ===

Total reads processed:              64,522,013
Reads with adapters:                48,950,259 (75.9%)
Reads written (passing filters):    64,522,013 (100.0%)

Total basepairs processed: 9,678,301,950 bp
Quality-trimmed:             129,513,199 bp (1.3%)
Total written (filtered):  6,706,714,623 bp (69.3%)

=== Adapter 1 ===

Sequence: CTGTCTCTTATA; Type: regular 3'; Length: 12; Trimmed: 48950259 times

Minimum overlap: 5
No. of allowed errors:
1-9 bp: 0; 10-12 bp: 1

Bases preceding removed adapters:
  A: 8.3%
  C: 48.8%
  G: 26.0%
  T: 16.8%
  none/other: 0.0%

Overview of removed sequences
length	count	expect	max.err	error counts
5	283351	63009.8	0	283351
6	258940	15752.4	0	258940
7	247541	3938.1	0	247541
8	254728	984.5	0	254728
9	267065	246.1	0	266424 641
10	286149	61.5	1	282924 3225
11	318874	15.4	1	313095 5779
12	334171	3.8	1	330945 3226
13	348994	3.8	1	342859 6135
14	339163	3.8	1	334775 4388
15	324809	3.8	1	319040 5769
16	310362	3.8	1	305661 4701
17	292456	3.8	1	288249 4207
18	290444	3.8	1	285264 5180
19	303918	3.8	1	297375 6543
20	319921	3.8	1	315152 4769
21	373760	3.8	1	365275 8485
22	392144	3.8	1	387178 4966
23	416640	3.8	1	411011 5629
24	409233	3.8	1	404241 4992
25	395169	3.8	1	389513 5656
26	372071	3.8	1	366605 5466
27	347872	3.8	1	340578 7294
28	331587	3.8	1	326750 4837
29	344636	3.8	1	336461 8175
30	357528	3.8	1	351901 5627
31	407763	3.8	1	401634 6129
32	450362	3.8	1	443489 6873
33	493404	3.8	1	487227 6177
34	492558	3.8	1	484418 8140
35	486399	3.8	1	478477 7922
36	454920	3.8	1	447558 7362
37	405163	3.8	1	398028 7135
38	375274	3.8	1	369778 5496
39	372788	3.8	1	366845 5943
40	402955	3.8	1	394250 8705
41	438499	3.8	1	431220 7279
42	538131	3.8	1	527079 11052
43	591225	3.8	1	578787 12438
44	962273	3.8	1	932242 30031
45	822214	3.8	1	806403 15811
46	1200009	3.8	1	1178574 21435
47	277986	3.8	1	271509 6477
48	2340170	3.8	1	2317753 22417
49	2745336	3.8	1	2730049 15287
50	388870	3.8	1	383926 4944
51	946301	3.8	1	942091 4210
52	539735	3.8	1	535841 3894
53	283091	3.8	1	280954 2137
54	695621	3.8	1	692003 3618
55	37799	3.8	1	36202 1597
56	415500	3.8	1	413129 2371
57	180775	3.8	1	179250 1525
58	245643	3.8	1	243076 2567
59	821789	3.8	1	817597 4192
60	181278	3.8	1	179416 1862
61	621218	3.8	1	617773 3445
62	100091	3.8	1	98328 1763
63	164512	3.8	1	162576 1936
64	423653	3.8	1	419881 3772
65	923170	3.8	1	916223 6947
66	211851	3.8	1	209060 2791
67	26489	3.8	1	24890 1599
68	162909	3.8	1	161379 1530
69	237681	3.8	1	235968 1713
70	256121	3.8	1	254458 1663
71	202176	3.8	1	200828 1348
72	117843	3.8	1	116570 1273
73	127715	3.8	1	125603 2112
74	483671	3.8	1	479430 4241
75	739456	3.8	1	733026 6430
76	852606	3.8	1	845307 7299
77	754119	3.8	1	748043 6076
78	601521	3.8	1	597182 4339
79	465027	3.8	1	461699 3328
80	382786	3.8	1	379862 2924
81	364124	3.8	1	361403 2721
82	399064	3.8	1	395879 3185
83	506004	3.8	1	502117 3887
84	710730	3.8	1	705509 5221
85	923179	3.8	1	916452 6727
86	1096996	3.8	1	1089603 7393
87	963343	3.8	1	955935 7408
88	736101	3.8	1	730633 5468
89	502344	3.8	1	498057 4287
90	373760	3.8	1	370374 3386
91	319890	3.8	1	316833 3057
92	315939	3.8	1	312948 2991
93	379948	3.8	1	376114 3834
94	525712	3.8	1	520340 5372
95	694740	3.8	1	688469 6271
96	862176	3.8	1	852980 9196
97	849436	3.8	1	842721 6715
98	641416	3.8	1	636301 5115
99	425184	3.8	1	421876 3308
100	268005	3.8	1	265472 2533
101	187880	3.8	1	186358 1522
102	157214	3.8	1	155868 1346
103	163482	3.8	1	162346 1136
104	188792	3.8	1	187125 1667
105	209290	3.8	1	206362 2928
106	215865	3.8	1	214140 1725
107	188732	3.8	1	185847 2885
108	143869	3.8	1	142628 1241
109	96342	3.8	1	94960 1382
110	58844	3.8	1	58168 676
111	31694	3.8	1	31286 408
112	18439	3.8	1	18146 293
113	14355	3.8	1	14078 277
114	11135	3.8	1	10813 322
115	7897	3.8	1	7648 249
116	4610	3.8	1	4414 196
117	4050	3.8	1	3479 571
118	2996	3.8	1	2720 276
119	2116	3.8	1	1585 531
120	1336	3.8	1	1063 273
121	839	3.8	1	742 97
122	897	3.8	1	557 340
123	628	3.8	1	415 213
124	1602	3.8	1	138 1464
125	520	3.8	1	62 458
126	399	3.8	1	43 356
127	486	3.8	1	27 459
128	251	3.8	1	14 237
129	623	3.8	1	16 607
130	236	3.8	1	22 214
131	379	3.8	1	26 353
132	329	3.8	1	8 321
133	282	3.8	1	8 274
134	919	3.8	1	16 903
135	140	3.8	1	14 126
136	245	3.8	1	18 227
137	543	3.8	1	4 539
138	113	3.8	1	4 109
139	105	3.8	1	2 103
140	269	3.8	1	1 268
141	447	3.8	1	27 420
142	804	3.8	1	5 799
143	122	3.8	1	11 111
144	47	3.8	1	0 47
145	37	3.8	1	2 35
146	104	3.8	1	2 102
147	942	3.8	1	1 941
148	221	3.8	1	1 220
149	189	3.8	1	3 186
150	540	3.8	1	456 84

RUN STATISTICS FOR INPUT FILE: /beegfs/scratch/ric.sessa/kubacki.michal/SRF_Eva/90-1222471453/00_fastq/IggRb_R1_001.fastq.gz
=============================================
64522013 sequences processed in total

