
SUMMARISING RUN PARAMETERS
==========================
Input filename: /beegfs/scratch/ric.sessa/kubacki.michal/SRF_Eva/90-1222471453/00_fastq/IggRb_R2_001.fastq.gz
Trimming mode: paired-end
Trim Galore version: 0.6.10
Cutadapt version: 5.1
Python version: 3.12.10
Number of cores used for trimming: 8
Quality Phred score cutoff: 20
Quality encoding type selected: ASCII+33
Using Nextera adapter for trimming (count: 742788). Second best hit was smallRNA (count: 4)
Adapter sequence: 'CTGTCTCTTATA' (Nextera Transposase sequence; auto-detected)
Maximum trimming error rate: 0.1 (default)
Minimum required adapter overlap (stringency): 5 bp
Minimum required sequence length for both reads before a sequence pair gets removed: 20 bp
Running FastQC on the data once trimming has completed
Output file will be GZIP compressed


This is cutadapt 5.1 with Python 3.12.10
Command line parameters: -j 8 -e 0.1 -q 20 -O 5 -a CTGTCTCTTATA /beegfs/scratch/ric.sessa/kubacki.michal/SRF_Eva/90-1222471453/00_fastq/IggRb_R2_001.fastq.gz
Processing single-end reads on 8 cores ...

=== Summary ===

Total reads processed:              64,522,013
Reads with adapters:                48,934,501 (75.8%)
Reads written (passing filters):    64,522,013 (100.0%)

Total basepairs processed: 9,678,301,950 bp
Quality-trimmed:              17,073,661 bp (0.2%)
Total written (filtered):  6,708,739,763 bp (69.3%)

=== Adapter 1 ===

Sequence: CTGTCTCTTATA; Type: regular 3'; Length: 12; Trimmed: 48934501 times

Minimum overlap: 5
No. of allowed errors:
1-9 bp: 0; 10-12 bp: 1

Bases preceding removed adapters:
  A: 8.3%
  C: 49.3%
  G: 25.8%
  T: 16.7%
  none/other: 0.0%

Overview of removed sequences
length	count	expect	max.err	error counts
5	283175	63009.8	0	283175
6	264824	15752.4	0	264824
7	240611	3938.1	0	240611
8	253226	984.5	0	253226
9	264006	246.1	0	263549 457
10	288217	61.5	1	285869 2348
11	316666	15.4	1	312823 3843
12	337037	3.8	1	330183 6854
13	344427	3.8	1	339786 4641
14	341125	3.8	1	338036 3089
15	319548	3.8	1	316825 2723
16	309802	3.8	1	307129 2673
17	292376	3.8	1	289389 2987
18	288714	3.8	1	285619 3095
19	303036	3.8	1	299769 3267
20	321112	3.8	1	318257 2855
21	361887	3.8	1	358641 3246
22	394675	3.8	1	390945 3730
23	415601	3.8	1	412591 3010
24	413190	3.8	1	409414 3776
25	399022	3.8	1	394788 4234
26	368910	3.8	1	364809 4101
27	341812	3.8	1	338365 3447
28	330483	3.8	1	324877 5606
29	333265	3.8	1	328401 4864
30	356230	3.8	1	351266 4964
31	401098	3.8	1	396898 4200
32	446486	3.8	1	442842 3644
33	489641	3.8	1	485482 4159
34	495458	3.8	1	490504 4954
35	482765	3.8	1	478613 4152
36	439911	3.8	1	436061 3850
37	395624	3.8	1	391806 3818
38	372527	3.8	1	368880 3647
39	363953	3.8	1	360388 3565
40	381783	3.8	1	377289 4494
41	426382	3.8	1	422131 4251
42	496933	3.8	1	491551 5382
43	564813	3.8	1	559084 5729
44	569892	3.8	1	563817 6075
45	598966	3.8	1	592495 6471
46	542704	3.8	1	536944 5760
47	465923	3.8	1	460102 5821
48	415661	3.8	1	410880 4781
49	390032	3.8	1	385614 4418
50	419815	3.8	1	414257 5558
51	431551	3.8	1	426918 4633
52	504715	3.8	1	498608 6107
53	648957	3.8	1	641798 7159
54	590165	3.8	1	584331 5834
55	674767	3.8	1	668126 6641
56	634300	3.8	1	627987 6313
57	542886	3.8	1	537212 5674
58	468345	3.8	1	463570 4775
59	421227	3.8	1	416620 4607
60	400056	3.8	1	395869 4187
61	436032	3.8	1	431638 4394
62	500394	3.8	1	494491 5903
63	631045	3.8	1	623204 7841
64	746211	3.8	1	737740 8471
65	838502	3.8	1	829419 9083
66	812035	3.8	1	805482 6553
67	830454	3.8	1	825645 4809
68	232586	3.8	1	230461 2125
69	429537	3.8	1	426427 3110
70	392301	3.8	1	389137 3164
71	407737	3.8	1	404062 3675
72	467886	3.8	1	464442 3444
73	590646	3.8	1	586691 3955
74	736224	3.8	1	731262 4962
75	865503	3.8	1	859626 5877
76	942082	3.8	1	935768 6314
77	798072	3.8	1	791029 7043
78	628513	3.8	1	623404 5109
79	480345	3.8	1	476411 3934
80	393436	3.8	1	388873 4563
81	375925	3.8	1	372745 3180
82	408771	3.8	1	405138 3633
83	515034	3.8	1	510959 4075
84	724365	3.8	1	719387 4978
85	948200	3.8	1	940891 7309
86	1123894	3.8	1	1115418 8476
87	979457	3.8	1	972310 7147
88	750685	3.8	1	745790 4895
89	511868	3.8	1	507982 3886
90	379801	3.8	1	377222 2579
91	325253	3.8	1	322727 2526
92	321428	3.8	1	319038 2390
93	384916	3.8	1	381889 3027
94	532199	3.8	1	528882 3317
95	703927	3.8	1	698202 5725
96	873592	3.8	1	867607 5985
97	861947	3.8	1	855956 5991
98	650223	3.8	1	647127 3096
99	430796	3.8	1	428177 2619
100	271465	3.8	1	269736 1729
101	190300	3.8	1	188879 1421
102	159078	3.8	1	157717 1361
103	165305	3.8	1	163794 1511
104	190649	3.8	1	189218 1431
105	211441	3.8	1	209851 1590
106	218258	3.8	1	216734 1524
107	190730	3.8	1	188964 1766
108	145296	3.8	1	144104 1192
109	97339	3.8	1	96520 819
110	59320	3.8	1	58753 567
111	32077	3.8	1	31657 420
112	18735	3.8	1	18307 428
113	14508	3.8	1	14200 308
114	11354	3.8	1	10954 400
115	7945	3.8	1	7718 227
116	4631	3.8	1	4447 184
117	3918	3.8	1	3488 430
118	2946	3.8	1	2772 174
119	1965	3.8	1	1606 359
120	1261	3.8	1	1076 185
121	960	3.8	1	734 226
122	907	3.8	1	578 329
123	574	3.8	1	411 163
124	1821	3.8	1	140 1681
125	621	3.8	1	67 554
126	250	3.8	1	49 201
127	535	3.8	1	26 509
128	200	3.8	1	13 187
129	382	3.8	1	17 365
130	240	3.8	1	41 199
131	270	3.8	1	29 241
132	435	3.8	1	8 427
133	159	3.8	1	7 152
134	1097	3.8	1	35 1062
135	177	3.8	1	13 164
136	203	3.8	1	18 185
137	806	3.8	1	12 794
138	247	3.8	1	2 245
139	114	3.8	1	3 111
140	212	3.8	1	1 211
141	182	3.8	1	28 154
142	1326	3.8	1	21 1305
143	146	3.8	1	1 145
144	72	3.8	1	1 71
145	33	3.8	1	0 33
146	130	3.8	1	1 129
147	808	3.8	1	1 807
148	226	3.8	1	0 226
149	198	3.8	1	1 197
150	514	3.8	1	468 46

RUN STATISTICS FOR INPUT FILE: /beegfs/scratch/ric.sessa/kubacki.michal/SRF_Eva/90-1222471453/00_fastq/IggRb_R2_001.fastq.gz
=============================================
64522013 sequences processed in total

Total number of sequences analysed for the sequence pair length validation: 64522013

Number of sequence pairs removed because at least one read was shorter than the length cutoff (20 bp): 75782 (0.12%)
