
SUMMARISING RUN PARAMETERS
==========================
Input filename: /beegfs/scratch/ric.sessa/kubacki.michal/SRF_Eva/90-1222471453/00_fastq/TEAD1-3_R2_001.fastq.gz
Trimming mode: paired-end
Trim Galore version: 0.6.10
Cutadapt version: 5.1
Python version: 3.12.10
Number of cores used for trimming: 8
Quality Phred score cutoff: 20
Quality encoding type selected: ASCII+33
Using Nextera adapter for trimming (count: 741858). Second best hit was smallRNA (count: 13)
Adapter sequence: 'CTGTCTCTTATA' (Nextera Transposase sequence; auto-detected)
Maximum trimming error rate: 0.1 (default)
Minimum required adapter overlap (stringency): 5 bp
Minimum required sequence length for both reads before a sequence pair gets removed: 20 bp
Running FastQC on the data once trimming has completed
Output file will be GZIP compressed


This is cutadapt 5.1 with Python 3.12.10
Command line parameters: -j 8 -e 0.1 -q 20 -O 5 -a CTGTCTCTTATA /beegfs/scratch/ric.sessa/kubacki.michal/SRF_Eva/90-1222471453/00_fastq/TEAD1-3_R2_001.fastq.gz
Processing single-end reads on 8 cores ...

=== Summary ===

Total reads processed:              74,746,716
Reads with adapters:                57,058,628 (76.3%)
Reads written (passing filters):    74,746,716 (100.0%)

Total basepairs processed: 11,212,007,400 bp
Quality-trimmed:              15,051,683 bp (0.1%)
Total written (filtered):  7,857,877,776 bp (70.1%)

=== Adapter 1 ===

Sequence: CTGTCTCTTATA; Type: regular 3'; Length: 12; Trimmed: 57058628 times

Minimum overlap: 5
No. of allowed errors:
1-9 bp: 0; 10-12 bp: 1

Bases preceding removed adapters:
  A: 9.6%
  C: 46.9%
  G: 24.7%
  T: 18.7%
  none/other: 0.0%

Overview of removed sequences
length	count	expect	max.err	error counts
5	352129	72994.8	0	352129
6	350332	18248.7	0	350332
7	318084	4562.2	0	318084
8	329439	1140.5	0	329439
9	343464	285.1	0	342671 793
10	356230	71.3	1	353343 2887
11	382919	17.8	1	378698 4221
12	396211	4.5	1	388177 8034
13	406710	4.5	1	401235 5475
14	417882	4.5	1	414161 3721
15	405103	4.5	1	401588 3515
16	406828	4.5	1	403474 3354
17	389587	4.5	1	385417 4170
18	384243	4.5	1	380085 4158
19	389632	4.5	1	385566 4066
20	404985	4.5	1	401367 3618
21	433377	4.5	1	429882 3495
22	453523	4.5	1	449369 4154
23	487797	4.5	1	484209 3588
24	497229	4.5	1	492950 4279
25	488743	4.5	1	483709 5034
26	475140	4.5	1	469841 5299
27	464425	4.5	1	459741 4684
28	443965	4.5	1	436846 7119
29	435981	4.5	1	429815 6166
30	452780	4.5	1	446372 6408
31	477945	4.5	1	472811 5134
32	518171	4.5	1	513973 4198
33	556032	4.5	1	551162 4870
34	578904	4.5	1	572940 5964
35	572646	4.5	1	568013 4633
36	554982	4.5	1	550171 4811
37	531885	4.5	1	526756 5129
38	516423	4.5	1	511277 5146
39	492374	4.5	1	487734 4640
40	491590	4.5	1	485959 5631
41	527665	4.5	1	522650 5015
42	572590	4.5	1	566414 6176
43	638813	4.5	1	632618 6195
44	634024	4.5	1	627687 6337
45	669311	4.5	1	662255 7056
46	646753	4.5	1	640192 6561
47	613464	4.5	1	605980 7484
48	572786	4.5	1	566228 6558
49	553675	4.5	1	547678 5997
50	558133	4.5	1	551058 7075
51	560068	4.5	1	554299 5769
52	605011	4.5	1	597818 7193
53	727428	4.5	1	719511 7917
54	644186	4.5	1	637863 6323
55	741877	4.5	1	734796 7081
56	733351	4.5	1	725985 7366
57	688374	4.5	1	681696 6678
58	634939	4.5	1	628894 6045
59	602547	4.5	1	596355 6192
60	576140	4.5	1	570287 5853
61	589320	4.5	1	583519 5801
62	632903	4.5	1	625986 6917
63	715128	4.5	1	706351 8777
64	792307	4.5	1	783291 9016
65	881793	4.5	1	872713 9080
66	892559	4.5	1	885603 6956
67	1015361	4.5	1	1009753 5608
68	320281	4.5	1	317309 2972
69	617986	4.5	1	613450 4536
70	590737	4.5	1	586043 4694
71	597542	4.5	1	592050 5492
72	620884	4.5	1	616300 4584
73	686924	4.5	1	682542 4382
74	765680	4.5	1	760995 4685
75	847103	4.5	1	841456 5647
76	894417	4.5	1	888904 5513
77	839023	4.5	1	831721 7302
78	756607	4.5	1	750779 5828
79	673682	4.5	1	668504 5178
80	610395	4.5	1	603553 6842
81	590985	4.5	1	586341 4644
82	589448	4.5	1	584130 5318
83	645710	4.5	1	640792 4918
84	717897	4.5	1	712955 4942
85	810717	4.5	1	804435 6282
86	888076	4.5	1	881191 6885
87	841602	4.5	1	835424 6178
88	751582	4.5	1	746708 4874
89	657584	4.5	1	652638 4946
90	560846	4.5	1	557057 3789
91	517027	4.5	1	512921 4106
92	499039	4.5	1	495337 3702
93	516255	4.5	1	512361 3894
94	562527	4.5	1	558883 3644
95	609929	4.5	1	605181 4748
96	649894	4.5	1	645289 4605
97	622041	4.5	1	617605 4436
98	530110	4.5	1	527359 2751
99	429450	4.5	1	426714 2736
100	340084	4.5	1	338070 2014
101	273290	4.5	1	271511 1779
102	241450	4.5	1	239482 1968
103	225293	4.5	1	223283 2010
104	220043	4.5	1	218536 1507
105	204527	4.5	1	202971 1556
106	192876	4.5	1	191419 1457
107	156901	4.5	1	155418 1483
108	118207	4.5	1	117224 983
109	85946	4.5	1	85177 769
110	61229	4.5	1	60638 591
111	37605	4.5	1	37021 584
112	23042	4.5	1	22566 476
113	17139	4.5	1	16832 307
114	13012	4.5	1	12419 593
115	7047	4.5	1	6872 175
116	4564	4.5	1	4318 246
117	3456	4.5	1	2927 529
118	2449	4.5	1	2233 216
119	1468	4.5	1	1105 363
120	1156	4.5	1	887 269
121	592	4.5	1	419 173
122	770	4.5	1	216 554
123	491	4.5	1	173 318
124	1771	4.5	1	123 1648
125	479	4.5	1	22 457
126	526	4.5	1	26 500
127	867	4.5	1	16 851
128	195	4.5	1	33 162
129	610	4.5	1	8 602
130	253	4.5	1	41 212
131	391	4.5	1	42 349
132	649	4.5	1	53 596
133	188	4.5	1	39 149
134	1464	4.5	1	1 1463
135	292	4.5	1	7 285
136	145	4.5	1	4 141
137	896	4.5	1	23 873
138	226	4.5	1	32 194
139	161	4.5	1	19 142
140	294	4.5	1	49 245
141	329	4.5	1	9 320
142	1363	4.5	1	25 1338
143	170	4.5	1	4 166
144	171	4.5	1	31 140
145	155	4.5	1	5 150
146	95	4.5	1	4 91
147	1415	4.5	1	32 1383
148	166	4.5	1	11 155
149	358	4.5	1	109 249
150	22186	4.5	1	21154 1032

RUN STATISTICS FOR INPUT FILE: /beegfs/scratch/ric.sessa/kubacki.michal/SRF_Eva/90-1222471453/00_fastq/TEAD1-3_R2_001.fastq.gz
=============================================
74746716 sequences processed in total

Total number of sequences analysed for the sequence pair length validation: 74746716

Number of sequence pairs removed because at least one read was shorter than the length cutoff (20 bp): 79749 (0.11%)
