
SUMMARISING RUN PARAMETERS
==========================
Input filename: /beegfs/scratch/ric.sessa/kubacki.michal/SRF_Eva/90-1222471453/00_fastq/TEAD1-2_R2_001.fastq.gz
Trimming mode: paired-end
Trim Galore version: 0.6.10
Cutadapt version: 5.1
Python version: 3.12.10
Number of cores used for trimming: 8
Quality Phred score cutoff: 20
Quality encoding type selected: ASCII+33
Using Nextera adapter for trimming (count: 737116). Second best hit was smallRNA (count: 0)
Adapter sequence: 'CTGTCTCTTATA' (Nextera Transposase sequence; auto-detected)
Maximum trimming error rate: 0.1 (default)
Minimum required adapter overlap (stringency): 5 bp
Minimum required sequence length for both reads before a sequence pair gets removed: 20 bp
Running FastQC on the data once trimming has completed
Output file will be GZIP compressed


This is cutadapt 5.1 with Python 3.12.10
Command line parameters: -j 8 -e 0.1 -q 20 -O 5 -a CTGTCTCTTATA /beegfs/scratch/ric.sessa/kubacki.michal/SRF_Eva/90-1222471453/00_fastq/TEAD1-2_R2_001.fastq.gz
Processing single-end reads on 8 cores ...

=== Summary ===

Total reads processed:              68,939,939
Reads with adapters:                52,397,270 (76.0%)
Reads written (passing filters):    68,939,939 (100.0%)

Total basepairs processed: 10,340,990,850 bp
Quality-trimmed:              12,472,929 bp (0.1%)
Total written (filtered):  7,298,999,343 bp (70.6%)

=== Adapter 1 ===

Sequence: CTGTCTCTTATA; Type: regular 3'; Length: 12; Trimmed: 52397270 times

Minimum overlap: 5
No. of allowed errors:
1-9 bp: 0; 10-12 bp: 1

Bases preceding removed adapters:
  A: 9.1%
  C: 47.7%
  G: 25.5%
  T: 17.6%
  none/other: 0.0%

Overview of removed sequences
length	count	expect	max.err	error counts
5	340500	67324.2	0	340500
6	343032	16831.0	0	343032
7	313461	4207.8	0	313461
8	327554	1051.9	0	327554
9	339683	263.0	0	339323 360
10	350668	65.7	1	348252 2416
11	369461	16.4	1	365323 4138
12	381768	4.1	1	374363 7405
13	388372	4.1	1	383257 5115
14	396879	4.1	1	393270 3609
15	390416	4.1	1	387428 2988
16	397419	4.1	1	394364 3055
17	387462	4.1	1	383663 3799
18	394144	4.1	1	389953 4191
19	400817	4.1	1	396963 3854
20	401935	4.1	1	398558 3377
21	430731	4.1	1	427462 3269
22	442822	4.1	1	439056 3766
23	462223	4.1	1	458883 3340
24	469296	4.1	1	465169 4127
25	471589	4.1	1	467068 4521
26	462925	4.1	1	457989 4936
27	461881	4.1	1	457312 4569
28	450019	4.1	1	442988 7031
29	450457	4.1	1	444288 6169
30	462145	4.1	1	456298 5847
31	483264	4.1	1	478337 4927
32	502067	4.1	1	498091 3976
33	529790	4.1	1	525338 4452
34	534963	4.1	1	530035 4928
35	538744	4.1	1	534503 4241
36	518542	4.1	1	514215 4327
37	520635	4.1	1	515780 4855
38	504124	4.1	1	499202 4922
39	499085	4.1	1	494588 4497
40	502326	4.1	1	496834 5492
41	528717	4.1	1	523737 4980
42	554903	4.1	1	549324 5579
43	610332	4.1	1	604636 5696
44	581152	4.1	1	575373 5779
45	608067	4.1	1	601939 6128
46	594824	4.1	1	588931 5893
47	576278	4.1	1	569948 6330
48	551354	4.1	1	545406 5948
49	542775	4.1	1	537048 5727
50	554918	4.1	1	548225 6693
51	540240	4.1	1	535041 5199
52	579073	4.1	1	572359 6714
53	661578	4.1	1	654710 6868
54	574313	4.1	1	569077 5236
55	643116	4.1	1	637165 5951
56	638076	4.1	1	632200 5876
57	611738	4.1	1	605877 5861
58	588780	4.1	1	583192 5588
59	566624	4.1	1	560934 5690
60	554491	4.1	1	549118 5373
61	558129	4.1	1	553027 5102
62	580707	4.1	1	574482 6225
63	634456	4.1	1	626965 7491
64	672126	4.1	1	664840 7286
65	730694	4.1	1	723310 7384
66	733341	4.1	1	727755 5586
67	855366	4.1	1	850887 4479
68	266746	4.1	1	264307 2439
69	545167	4.1	1	541440 3727
70	541899	4.1	1	537852 4047
71	538717	4.1	1	533911 4806
72	551554	4.1	1	547941 3613
73	576517	4.1	1	572993 3524
74	618708	4.1	1	614926 3782
75	649956	4.1	1	645747 4209
76	686241	4.1	1	681987 4254
77	647747	4.1	1	642376 5371
78	602506	4.1	1	597848 4658
79	555103	4.1	1	551089 4014
80	523111	4.1	1	517774 5337
81	517147	4.1	1	513192 3955
82	513258	4.1	1	509285 3973
83	535672	4.1	1	531892 3780
84	577967	4.1	1	574235 3732
85	619720	4.1	1	615376 4344
86	657742	4.1	1	653177 4565
87	630981	4.1	1	626807 4174
88	591141	4.1	1	587468 3673
89	535212	4.1	1	531511 3701
90	490131	4.1	1	487081 3050
91	470209	4.1	1	466896 3313
92	462484	4.1	1	459224 3260
93	471367	4.1	1	467998 3369
94	501519	4.1	1	498641 2878
95	524719	4.1	1	521104 3615
96	552032	4.1	1	548455 3577
97	531772	4.1	1	528593 3179
98	481017	4.1	1	478871 2146
99	428151	4.1	1	425803 2348
100	370105	4.1	1	368292 1813
101	326602	4.1	1	324743 1859
102	305398	4.1	1	303151 2247
103	297678	4.1	1	295540 2138
104	293668	4.1	1	292034 1634
105	271733	4.1	1	270154 1579
106	243930	4.1	1	242584 1346
107	199234	4.1	1	197971 1263
108	159300	4.1	1	158193 1107
109	123032	4.1	1	122283 749
110	95138	4.1	1	94448 690
111	67659	4.1	1	67162 497
112	50484	4.1	1	50096 388
113	39218	4.1	1	38861 357
114	31893	4.1	1	31442 451
115	16942	4.1	1	16708 234
116	9833	4.1	1	9710 123
117	7131	4.1	1	6864 267
118	4976	4.1	1	4865 111
119	3398	4.1	1	2991 407
120	1731	4.1	1	1627 104
121	1497	4.1	1	1335 162
122	809	4.1	1	702 107
123	456	4.1	1	334 122
124	1220	4.1	1	298 922
125	524	4.1	1	53 471
126	234	4.1	1	35 199
127	491	4.1	1	18 473
128	150	4.1	1	10 140
129	266	4.1	1	7 259
130	137	4.1	1	26 111
131	231	4.1	1	25 206
132	261	4.1	1	15 246
133	107	4.1	1	12 95
134	645	4.1	1	8 637
135	160	4.1	1	9 151
136	86	4.1	1	8 78
137	753	4.1	1	5 748
138	125	4.1	1	5 120
139	105	4.1	1	4 101
140	125	4.1	1	18 107
141	230	4.1	1	15 215
142	778	4.1	1	5 773
143	76	4.1	1	6 70
144	64	4.1	1	20 44
145	50	4.1	1	3 47
146	46	4.1	1	8 38
147	760	4.1	1	31 729
148	272	4.1	1	14 258
149	293	4.1	1	152 141
150	23656	4.1	1	22989 667

RUN STATISTICS FOR INPUT FILE: /beegfs/scratch/ric.sessa/kubacki.michal/SRF_Eva/90-1222471453/00_fastq/TEAD1-2_R2_001.fastq.gz
=============================================
68939939 sequences processed in total

Total number of sequences analysed for the sequence pair length validation: 68939939

Number of sequence pairs removed because at least one read was shorter than the length cutoff (20 bp): 68735 (0.10%)
