
SUMMARISING RUN PARAMETERS
==========================
Input filename: /beegfs/scratch/ric.sessa/kubacki.michal/SRF_Eva/90-1222471453/00_fastq/TEAD1-1_R2_001.fastq.gz
Trimming mode: paired-end
Trim Galore version: 0.6.10
Cutadapt version: 5.1
Python version: 3.12.10
Number of cores used for trimming: 8
Quality Phred score cutoff: 20
Quality encoding type selected: ASCII+33
Using Nextera adapter for trimming (count: 800023). Second best hit was smallRNA (count: 17)
Adapter sequence: 'CTGTCTCTTATA' (Nextera Transposase sequence; auto-detected)
Maximum trimming error rate: 0.1 (default)
Minimum required adapter overlap (stringency): 5 bp
Minimum required sequence length for both reads before a sequence pair gets removed: 20 bp
Running FastQC on the data once trimming has completed
Output file will be GZIP compressed


This is cutadapt 5.1 with Python 3.12.10
Command line parameters: -j 8 -e 0.1 -q 20 -O 5 -a CTGTCTCTTATA /beegfs/scratch/ric.sessa/kubacki.michal/SRF_Eva/90-1222471453/00_fastq/TEAD1-1_R2_001.fastq.gz
Processing single-end reads on 8 cores ...

=== Summary ===

Total reads processed:             237,691,306
Reads with adapters:               192,330,512 (80.9%)
Reads written (passing filters):   237,691,306 (100.0%)

Total basepairs processed: 35,653,695,900 bp
Quality-trimmed:              56,691,127 bp (0.2%)
Total written (filtered):  22,964,785,488 bp (64.4%)

=== Adapter 1 ===

Sequence: CTGTCTCTTATA; Type: regular 3'; Length: 12; Trimmed: 192330512 times

Minimum overlap: 5
No. of allowed errors:
1-9 bp: 0; 10-12 bp: 1

Bases preceding removed adapters:
  A: 9.0%
  C: 47.9%
  G: 25.8%
  T: 17.2%
  none/other: 0.1%

Overview of removed sequences
length	count	expect	max.err	error counts
5	814429	232120.4	0	814429
6	805156	58030.1	0	805156
7	728955	14507.5	0	728955
8	757818	3626.9	0	757818
9	795795	906.7	0	794194 1601
10	826223	226.7	1	819853 6370
11	884948	56.7	1	873612 11336
12	916009	14.2	1	895344 20665
13	925733	14.2	1	912262 13471
14	937055	14.2	1	928391 8664
15	940540	14.2	1	932154 8386
16	931212	14.2	1	922752 8460
17	900368	14.2	1	889719 10649
18	911515	14.2	1	900380 11135
19	931652	14.2	1	920451 11201
20	953245	14.2	1	944090 9155
21	1025479	14.2	1	1016174 9305
22	1078261	14.2	1	1067144 11117
23	1136857	14.2	1	1127565 9292
24	1162951	14.2	1	1151264 11687
25	1157343	14.2	1	1144041 13302
26	1145777	14.2	1	1131775 14002
27	1098791	14.2	1	1086493 12298
28	1075128	14.2	1	1054541 20587
29	1079215	14.2	1	1062013 17202
30	1111758	14.2	1	1094336 17422
31	1197401	14.2	1	1181869 15532
32	1272506	14.2	1	1260330 12176
33	1352550	14.2	1	1339229 13321
34	1404662	14.2	1	1388990 15672
35	1409170	14.2	1	1396161 13009
36	1364984	14.2	1	1351935 13049
37	1344545	14.2	1	1330129 14416
38	1293975	14.2	1	1279640 14335
39	1287303	14.2	1	1274039 13264
40	1309521	14.2	1	1293037 16484
41	1401492	14.2	1	1386341 15151
42	1507579	14.2	1	1490652 16927
43	1617773	14.2	1	1600506 17267
44	1711803	14.2	1	1690630 21173
45	1771311	14.2	1	1749776 21535
46	1724855	14.2	1	1705183 19672
47	1646530	14.2	1	1624550 21980
48	1579787	14.2	1	1560452 19335
49	1533647	14.2	1	1514656 18991
50	1595064	14.2	1	1571691 23373
51	1623251	14.2	1	1604810 18441
52	1740989	14.2	1	1717398 23591
53	2079264	14.2	1	2054441 24823
54	1840483	14.2	1	1820692 19791
55	2122494	14.2	1	2099665 22829
56	2158409	14.2	1	2134810 23599
57	2036518	14.2	1	2013630 22888
58	1944298	14.2	1	1922941 21357
59	1863453	14.2	1	1841389 22064
60	1821980	14.2	1	1800928 21052
61	1883886	14.2	1	1863425 20461
62	2028756	14.2	1	2002848 25908
63	2327003	14.2	1	2293952 33051
64	2566662	14.2	1	2533437 33225
65	2855718	14.2	1	2822562 33156
66	2948922	14.2	1	2922737 26185
67	3387444	14.2	1	3366542 20902
68	1082987	14.2	1	1072251 10736
69	2152463	14.2	1	2135341 17122
70	2115595	14.2	1	2097389 18206
71	2157717	14.2	1	2135721 21996
72	2276395	14.2	1	2258756 17639
73	2509501	14.2	1	2491481 18020
74	2801586	14.2	1	2781929 19657
75	3105643	14.2	1	3083130 22513
76	3339961	14.2	1	3316239 23722
77	3179790	14.2	1	3150129 29661
78	2964626	14.2	1	2938928 25698
79	2705901	14.2	1	2683110 22791
80	2506259	14.2	1	2477058 29201
81	2475425	14.2	1	2453957 21468
82	2542205	14.2	1	2519326 22879
83	2720284	14.2	1	2697655 22629
84	3112596	14.2	1	3089516 23080
85	3475763	14.2	1	3446465 29298
86	3817311	14.2	1	3786200 31111
87	3685606	14.2	1	3656569 29037
88	3420366	14.2	1	3395385 24981
89	2983489	14.2	1	2959096 24393
90	2668851	14.2	1	2648812 20039
91	2487484	14.2	1	2467227 20257
92	2456716	14.2	1	2438345 18371
93	2525520	14.2	1	2504760 20760
94	2798987	14.2	1	2779232 19755
95	2961681	14.2	1	2936714 24967
96	3167736	14.2	1	3144085 23651
97	3093782	14.2	1	3070637 23145
98	2700028	14.2	1	2685243 14785
99	2256661	14.2	1	2242169 14492
100	1810409	14.2	1	1800051 10358
101	1485964	14.2	1	1476180 9784
102	1327041	14.2	1	1315582 11459
103	1256986	14.2	1	1246085 10901
104	1234539	14.2	1	1225666 8873
105	1138432	14.2	1	1129976 8456
106	1020818	14.2	1	1013278 7540
107	825552	14.2	1	819075 6477
108	636999	14.2	1	631482 5517
109	489913	14.2	1	485853 4060
110	351164	14.2	1	347678 3486
111	217157	14.2	1	214952 2205
112	140150	14.2	1	138713 1437
113	101959	14.2	1	100755 1204
114	78819	14.2	1	77401 1418
115	41285	14.2	1	40650 635
116	20005	14.2	1	19539 466
117	16122	14.2	1	15000 1122
118	10153	14.2	1	9847 306
119	5521	14.2	1	4527 994
120	3565	14.2	1	3126 439
121	2343	14.2	1	2086 257
122	2282	14.2	1	1428 854
123	924	14.2	1	728 196
124	5973	14.2	1	1169 4804
125	1651	14.2	1	379 1272
126	924	14.2	1	170 754
127	1308	14.2	1	43 1265
128	397	14.2	1	36 361
129	1369	14.2	1	118 1251
130	378	14.2	1	82 296
131	1369	14.2	1	227 1142
132	890	14.2	1	51 839
133	525	14.2	1	151 374
134	3217	14.2	1	60 3157
135	582	14.2	1	74 508
136	320	14.2	1	36 284
137	2575	14.2	1	256 2319
138	335	14.2	1	69 266
139	366	14.2	1	103 263
140	457	14.2	1	58 399
141	703	14.2	1	215 488
142	2794	14.2	1	104 2690
143	364	14.2	1	35 329
144	208	14.2	1	95 113
145	308	14.2	1	186 122
146	292	14.2	1	56 236
147	3694	14.2	1	587 3107
148	680	14.2	1	83 597
149	1823	14.2	1	1230 593
150	241792	14.2	1	233112 8680

RUN STATISTICS FOR INPUT FILE: /beegfs/scratch/ric.sessa/kubacki.michal/SRF_Eva/90-1222471453/00_fastq/TEAD1-1_R2_001.fastq.gz
=============================================
237691306 sequences processed in total

Total number of sequences analysed for the sequence pair length validation: 237691306

Number of sequence pairs removed because at least one read was shorter than the length cutoff (20 bp): 442191 (0.19%)
