
SUMMARISING RUN PARAMETERS
==========================
Input filename: /beegfs/scratch/ric.sessa/kubacki.michal/SRF_Eva/90-1222471453/00_fastq/TEAD1-2_R1_001.fastq.gz
Trimming mode: paired-end
Trim Galore version: 0.6.10
Cutadapt version: 5.1
Python version: 3.12.10
Number of cores used for trimming: 8
Quality Phred score cutoff: 20
Quality encoding type selected: ASCII+33
Using Nextera adapter for trimming (count: 737116). Second best hit was smallRNA (count: 0)
Adapter sequence: 'CTGTCTCTTATA' (Nextera Transposase sequence; auto-detected)
Maximum trimming error rate: 0.1 (default)
Minimum required adapter overlap (stringency): 5 bp
Minimum required sequence length for both reads before a sequence pair gets removed: 20 bp
Running FastQC on the data once trimming has completed
Output file will be GZIP compressed


This is cutadapt 5.1 with Python 3.12.10
Command line parameters: -j 8 -e 0.1 -q 20 -O 5 -a CTGTCTCTTATA /beegfs/scratch/ric.sessa/kubacki.michal/SRF_Eva/90-1222471453/00_fastq/TEAD1-2_R1_001.fastq.gz
Processing single-end reads on 8 cores ...

=== Summary ===

Total reads processed:              68,939,939
Reads with adapters:                52,391,740 (76.0%)
Reads written (passing filters):    68,939,939 (100.0%)

Total basepairs processed: 10,340,990,850 bp
Quality-trimmed:             142,355,891 bp (1.4%)
Total written (filtered):  7,298,133,464 bp (70.6%)

=== Adapter 1 ===

Sequence: CTGTCTCTTATA; Type: regular 3'; Length: 12; Trimmed: 52391740 times

Minimum overlap: 5
No. of allowed errors:
1-9 bp: 0; 10-12 bp: 1

Bases preceding removed adapters:
  A: 9.1%
  C: 47.5%
  G: 25.6%
  T: 17.8%
  none/other: 0.1%

Overview of removed sequences
length	count	expect	max.err	error counts
5	340266	67324.2	0	340266
6	335244	16831.0	0	335244
7	322186	4207.8	0	322186
8	329359	1051.9	0	329359
9	341972	263.0	0	341625 347
10	348512	65.7	1	344995 3517
11	371772	16.4	1	365416 6356
12	378544	4.1	1	375162 3382
13	393224	4.1	1	386843 6381
14	394517	4.1	1	389689 4828
15	396142	4.1	1	389714 6428
16	398163	4.1	1	392448 5715
17	386940	4.1	1	381609 5331
18	395828	4.1	1	389355 6473
19	402249	4.1	1	393729 8520
20	399679	4.1	1	393993 5686
21	443134	4.1	1	433536 9598
22	440515	4.1	1	435031 5484
23	463001	4.1	1	457145 5856
24	465504	4.1	1	460221 5283
25	466436	4.1	1	459533 6903
26	466929	4.1	1	460182 6747
27	470241	4.1	1	460792 9449
28	454271	4.1	1	447376 6895
29	461543	4.1	1	451919 9624
30	463442	4.1	1	456631 6811
31	490529	4.1	1	483425 7104
32	507175	4.1	1	499661 7514
33	546778	4.1	1	539826 6952
34	516664	4.1	1	509191 7473
35	541597	4.1	1	533280 8317
36	525366	4.1	1	519241 6125
37	518863	4.1	1	511872 6991
38	501440	4.1	1	495448 5992
39	502139	4.1	1	495643 6496
40	508045	4.1	1	499311 8734
41	560310	4.1	1	550134 10176
42	607919	4.1	1	595038 12881
43	625988	4.1	1	614164 11824
44	907663	4.1	1	878387 29276
45	709789	4.1	1	695983 13806
46	992107	4.1	1	973018 19089
47	448894	4.1	1	442093 6801
48	1732228	4.1	1	1710937 21291
49	5017491	4.1	1	4990338 27153
50	1292346	4.1	1	1282111 10235
51	918761	4.1	1	914202 4559
52	589771	4.1	1	585283 4488
53	294614	4.1	1	292605 2009
54	649023	4.1	1	645848 3175
55	22526	4.1	1	21360 1166
56	265009	4.1	1	263097 1912
57	152129	4.1	1	150610 1519
58	184303	4.1	1	181700 2603
59	794937	4.1	1	790476 4461
60	158971	4.1	1	156660 2311
61	354763	4.1	1	351494 3269
62	186506	4.1	1	184743 1763
63	128537	4.1	1	126680 1857
64	285650	4.1	1	282769 2881
65	664011	4.1	1	658703 5308
66	472865	4.1	1	469656 3209
67	32866	4.1	1	31404 1462
68	74690	4.1	1	73320 1370
69	242063	4.1	1	240247 1816
70	326353	4.1	1	324122 2231
71	269770	4.1	1	267855 1915
72	169472	4.1	1	168090 1382
73	72408	4.1	1	70956 1452
74	336120	4.1	1	333155 2965
75	519400	4.1	1	515371 4029
76	604423	4.1	1	599690 4733
77	605965	4.1	1	601476 4489
78	574357	4.1	1	570419 3938
79	537255	4.1	1	533590 3665
80	506925	4.1	1	503375 3550
81	500677	4.1	1	497122 3555
82	496635	4.1	1	493136 3499
83	521814	4.1	1	518159 3655
84	564247	4.1	1	560458 3789
85	603250	4.1	1	599090 4160
86	641288	4.1	1	637162 4126
87	620007	4.1	1	615564 4443
88	580255	4.1	1	576185 4070
89	525445	4.1	1	521230 4215
90	482281	4.1	1	478213 4068
91	461852	4.1	1	457821 4031
92	454140	4.1	1	450139 4001
93	464382	4.1	1	459746 4636
94	494784	4.1	1	490065 4719
95	517483	4.1	1	513226 4257
96	544995	4.1	1	539292 5703
97	523812	4.1	1	519919 3893
98	474652	4.1	1	471085 3567
99	422745	4.1	1	419567 3178
100	365196	4.1	1	362081 3115
101	322489	4.1	1	320396 2093
102	301522	4.1	1	299274 2248
103	294068	4.1	1	292336 1732
104	290246	4.1	1	288209 2037
105	268653	4.1	1	265435 3218
106	241450	4.1	1	239845 1605
107	197221	4.1	1	194910 2311
108	157728	4.1	1	156508 1220
109	121728	4.1	1	120493 1235
110	94150	4.1	1	93426 724
111	67053	4.1	1	66462 591
112	49985	4.1	1	49602 383
113	38875	4.1	1	38479 396
114	31620	4.1	1	31042 578
115	16808	4.1	1	16569 239
116	9835	4.1	1	9645 190
117	7109	4.1	1	6794 315
118	4939	4.1	1	4799 140
119	3223	4.1	1	2978 245
120	1721	4.1	1	1587 134
121	1472	4.1	1	1317 155
122	879	4.1	1	700 179
123	473	4.1	1	324 149
124	1235	4.1	1	287 948
125	404	4.1	1	51 353
126	253	4.1	1	34 219
127	405	4.1	1	20 385
128	231	4.1	1	12 219
129	349	4.1	1	7 342
130	151	4.1	1	32 119
131	232	4.1	1	20 212
132	200	4.1	1	9 191
133	116	4.1	1	18 98
134	507	4.1	1	8 499
135	118	4.1	1	6 112
136	133	4.1	1	13 120
137	657	4.1	1	21 636
138	92	4.1	1	7 85
139	118	4.1	1	8 110
140	121	4.1	1	7 114
141	214	4.1	1	17 197
142	595	4.1	1	17 578
143	107	4.1	1	3 104
144	79	4.1	1	9 70
145	23	4.1	1	6 17
146	97	4.1	1	15 82
147	602	4.1	1	26 576
148	169	4.1	1	10 159
149	230	4.1	1	119 111
150	23728	4.1	1	22436 1292

RUN STATISTICS FOR INPUT FILE: /beegfs/scratch/ric.sessa/kubacki.michal/SRF_Eva/90-1222471453/00_fastq/TEAD1-2_R1_001.fastq.gz
=============================================
68939939 sequences processed in total

