
SUMMARISING RUN PARAMETERS
==========================
Input filename: /beegfs/scratch/ric.sessa/kubacki.michal/SRF_Eva/90-1222471453/00_fastq/TEAD1-1_R1_001.fastq.gz
Trimming mode: paired-end
Trim Galore version: 0.6.10
Cutadapt version: 5.1
Python version: 3.12.10
Number of cores used for trimming: 8
Quality Phred score cutoff: 20
Quality encoding type selected: ASCII+33
Using Nextera adapter for trimming (count: 800023). Second best hit was smallRNA (count: 17)
Adapter sequence: 'CTGTCTCTTATA' (Nextera Transposase sequence; auto-detected)
Maximum trimming error rate: 0.1 (default)
Minimum required adapter overlap (stringency): 5 bp
Minimum required sequence length for both reads before a sequence pair gets removed: 20 bp
Running FastQC on the data once trimming has completed
Output file will be GZIP compressed


This is cutadapt 5.1 with Python 3.12.10
Command line parameters: -j 8 -e 0.1 -q 20 -O 5 -a CTGTCTCTTATA /beegfs/scratch/ric.sessa/kubacki.michal/SRF_Eva/90-1222471453/00_fastq/TEAD1-1_R1_001.fastq.gz
Processing single-end reads on 8 cores ...

=== Summary ===

Total reads processed:             237,691,306
Reads with adapters:               192,466,688 (81.0%)
Reads written (passing filters):   237,691,306 (100.0%)

Total basepairs processed: 35,653,695,900 bp
Quality-trimmed:             611,550,656 bp (1.7%)
Total written (filtered):  22,955,025,813 bp (64.4%)

=== Adapter 1 ===

Sequence: CTGTCTCTTATA; Type: regular 3'; Length: 12; Trimmed: 192466688 times

Minimum overlap: 5
No. of allowed errors:
1-9 bp: 0; 10-12 bp: 1

Bases preceding removed adapters:
  A: 9.0%
  C: 47.5%
  G: 25.9%
  T: 17.4%
  none/other: 0.1%

Overview of removed sequences
length	count	expect	max.err	error counts
5	814828	232120.4	0	814828
6	785001	58030.1	0	785001
7	754179	14507.5	0	754179
8	763931	3626.9	0	763931
9	803914	906.7	0	802462 1452
10	823304	226.7	1	814348 8956
11	892340	56.7	1	876951 15389
12	909061	14.2	1	900529 8532
13	940132	14.2	1	924489 15643
14	932518	14.2	1	921074 11444
15	957116	14.2	1	940659 16457
16	933069	14.2	1	919359 13710
17	901931	14.2	1	888899 13032
18	917794	14.2	1	901540 16254
19	940476	14.2	1	919752 20724
20	949268	14.2	1	935113 14155
21	1059359	14.2	1	1035335 24024
22	1073836	14.2	1	1059928 13908
23	1140238	14.2	1	1125560 14678
24	1153619	14.2	1	1140140 13479
25	1144838	14.2	1	1127438 17400
26	1158106	14.2	1	1141276 16830
27	1128010	14.2	1	1103477 24533
28	1082919	14.2	1	1066401 16518
29	1136077	14.2	1	1106301 29776
30	1137295	14.2	1	1117387 19908
31	1230330	14.2	1	1208555 21775
32	1310433	14.2	1	1286322 24111
33	1412106	14.2	1	1389743 22363
34	1389720	14.2	1	1365380 24340
35	1412382	14.2	1	1391614 20768
36	1403582	14.2	1	1384346 19236
37	1355331	14.2	1	1334627 20704
38	1327020	14.2	1	1305445 21575
39	1321376	14.2	1	1301148 20228
40	1335704	14.2	1	1312194 23510
41	1508734	14.2	1	1478577 30157
42	1778857	14.2	1	1733860 44997
43	1727655	14.2	1	1695819 31836
44	3102493	14.2	1	3005271 97222
45	2642436	14.2	1	2595446 46990
46	3956478	14.2	1	3891380 65098
47	1602736	14.2	1	1567454 35282
48	17732119	14.2	1	17620714 111405
49	8038524	14.2	1	7988851 49673
50	2805107	14.2	1	2775421 29686
51	2712723	14.2	1	2697990 14733
52	1664002	14.2	1	1650238 13764
53	967793	14.2	1	960684 7109
54	1421128	14.2	1	1413356 7772
55	75154	14.2	1	71502 3652
56	822113	14.2	1	816077 6036
57	303923	14.2	1	299363 4560
58	648484	14.2	1	639998 8486
59	2295405	14.2	1	2281816 13589
60	456642	14.2	1	449565 7077
61	1144961	14.2	1	1134093 10868
62	963337	14.2	1	956271 7066
63	446852	14.2	1	440142 6710
64	1116037	14.2	1	1105496 10541
65	2585652	14.2	1	2566372 19280
66	2608048	14.2	1	2593542 14506
67	212101	14.2	1	205696 6405
68	158439	14.2	1	154048 4391
69	646818	14.2	1	640905 5913
70	1065588	14.2	1	1058116 7472
71	1036251	14.2	1	1029446 6805
72	696278	14.2	1	690530 5748
73	316076	14.2	1	309763 6313
74	1495940	14.2	1	1483173 12767
75	2530426	14.2	1	2511198 19228
76	2994728	14.2	1	2972376 22352
77	2994940	14.2	1	2973106 21834
78	2846293	14.2	1	2828462 17831
79	2618797	14.2	1	2602111 16686
80	2432933	14.2	1	2417154 15779
81	2399875	14.2	1	2384117 15758
82	2468297	14.2	1	2451972 16325
83	2652390	14.2	1	2634898 17492
84	3041459	14.2	1	3022267 19192
85	3387880	14.2	1	3365372 22508
86	3718244	14.2	1	3695726 22518
87	3617667	14.2	1	3592458 25209
88	3351953	14.2	1	3329962 21991
89	2923983	14.2	1	2901232 22751
90	2619987	14.2	1	2599474 20513
91	2436897	14.2	1	2416749 20148
92	2407104	14.2	1	2387071 20033
93	2482197	14.2	1	2459914 22283
94	2756129	14.2	1	2730306 25823
95	2915322	14.2	1	2892006 23316
96	3122868	14.2	1	3091723 31145
97	3043596	14.2	1	3021022 22574
98	2657264	14.2	1	2637614 19650
99	2222538	14.2	1	2206691 15847
100	1784276	14.2	1	1769624 14652
101	1465342	14.2	1	1456227 9115
102	1309639	14.2	1	1300746 8893
103	1239343	14.2	1	1232309 7034
104	1217956	14.2	1	1209782 8174
105	1123714	14.2	1	1110317 13397
106	1008556	14.2	1	1001498 7058
107	816116	14.2	1	806361 9755
108	630581	14.2	1	625285 5296
109	484876	14.2	1	479542 5334
110	347739	14.2	1	344813 2926
111	215316	14.2	1	212923 2393
112	138864	14.2	1	137493 1371
113	101088	14.2	1	99817 1271
114	77866	14.2	1	76617 1249
115	41379	14.2	1	40244 1135
116	20102	14.2	1	19404 698
117	16001	14.2	1	14902 1099
118	10364	14.2	1	9773 591
119	5484	14.2	1	4465 1019
120	3763	14.2	1	3141 622
121	2631	14.2	1	2115 516
122	2106	14.2	1	1354 752
123	1063	14.2	1	728 335
124	5091	14.2	1	1144 3947
125	1729	14.2	1	383 1346
126	856	14.2	1	177 679
127	1296	14.2	1	39 1257
128	1001	14.2	1	40 961
129	1178	14.2	1	119 1059
130	631	14.2	1	123 508
131	907	14.2	1	373 534
132	941	14.2	1	90 851
133	714	14.2	1	99 615
134	2144	14.2	1	52 2092
135	496	14.2	1	42 454
136	416	14.2	1	29 387
137	1639	14.2	1	55 1584
138	348	14.2	1	85 263
139	420	14.2	1	110 310
140	428	14.2	1	34 394
141	723	14.2	1	227 496
142	2727	14.2	1	141 2586
143	139	14.2	1	21 118
144	293	14.2	1	96 197
145	283	14.2	1	197 86
146	417	14.2	1	113 304
147	2884	14.2	1	652 2232
148	447	14.2	1	118 329
149	1681	14.2	1	1265 416
150	242900	14.2	1	227301 15599

RUN STATISTICS FOR INPUT FILE: /beegfs/scratch/ric.sessa/kubacki.michal/SRF_Eva/90-1222471453/00_fastq/TEAD1-1_R1_001.fastq.gz
=============================================
237691306 sequences processed in total

