
SUMMARISING RUN PARAMETERS
==========================
Input filename: /beegfs/scratch/ric.sessa/kubacki.michal/SRF_Eva/90-1222471453/00_fastq/TEAD1-3_R1_001.fastq.gz
Trimming mode: paired-end
Trim Galore version: 0.6.10
Cutadapt version: 5.1
Python version: 3.12.10
Number of cores used for trimming: 8
Quality Phred score cutoff: 20
Quality encoding type selected: ASCII+33
Using Nextera adapter for trimming (count: 741858). Second best hit was smallRNA (count: 13)
Adapter sequence: 'CTGTCTCTTATA' (Nextera Transposase sequence; auto-detected)
Maximum trimming error rate: 0.1 (default)
Minimum required adapter overlap (stringency): 5 bp
Minimum required sequence length for both reads before a sequence pair gets removed: 20 bp
Running FastQC on the data once trimming has completed
Output file will be GZIP compressed


This is cutadapt 5.1 with Python 3.12.10
Command line parameters: -j 8 -e 0.1 -q 20 -O 5 -a CTGTCTCTTATA /beegfs/scratch/ric.sessa/kubacki.michal/SRF_Eva/90-1222471453/00_fastq/TEAD1-3_R1_001.fastq.gz
Processing single-end reads on 8 cores ...

=== Summary ===

Total reads processed:              74,746,716
Reads with adapters:                57,059,754 (76.3%)
Reads written (passing filters):    74,746,716 (100.0%)

Total basepairs processed: 11,212,007,400 bp
Quality-trimmed:             186,095,925 bp (1.7%)
Total written (filtered):  7,856,223,738 bp (70.1%)

=== Adapter 1 ===

Sequence: CTGTCTCTTATA; Type: regular 3'; Length: 12; Trimmed: 57059754 times

Minimum overlap: 5
No. of allowed errors:
1-9 bp: 0; 10-12 bp: 1

Bases preceding removed adapters:
  A: 9.7%
  C: 46.2%
  G: 25.0%
  T: 19.1%
  none/other: 0.0%

Overview of removed sequences
length	count	expect	max.err	error counts
5	352484	72994.8	0	352484
6	342153	18248.7	0	342153
7	327323	4562.2	0	327323
8	331202	1140.5	0	331202
9	346298	285.1	0	345570 728
10	354107	71.3	1	349822 4285
11	385793	17.8	1	378923 6870
12	392935	4.5	1	389228 3707
13	412185	4.5	1	405194 6991
14	415814	4.5	1	410567 5247
15	412066	4.5	1	404750 7316
16	407865	4.5	1	401519 6346
17	389456	4.5	1	383787 5669
18	386267	4.5	1	379430 6837
19	390509	4.5	1	382079 8430
20	402526	4.5	1	396451 6075
21	447622	4.5	1	437367 10255
22	451076	4.5	1	445170 5906
23	488605	4.5	1	482405 6200
24	493097	4.5	1	487178 5919
25	483628	4.5	1	476254 7374
26	479646	4.5	1	472427 7219
27	473138	4.5	1	463198 9940
28	447535	4.5	1	440671 6864
29	447942	4.5	1	437818 10124
30	453914	4.5	1	447165 6749
31	484579	4.5	1	477419 7160
32	522875	4.5	1	515056 7819
33	563742	4.5	1	556726 7016
34	568799	4.5	1	559653 9146
35	574914	4.5	1	565858 9056
36	562572	4.5	1	555588 6984
37	528191	4.5	1	521084 7107
38	520295	4.5	1	512677 7618
39	510942	4.5	1	501577 9365
40	503811	4.5	1	494314 9497
41	557776	4.5	1	547879 9897
42	604107	4.5	1	594255 9852
43	665975	4.5	1	651498 14477
44	1040927	4.5	1	1008805 32122
45	980451	4.5	1	961648 18803
46	1533679	4.5	1	1510312 23367
47	369403	4.5	1	360226 9177
48	3470374	4.5	1	3446181 24193
49	2072204	4.5	1	2053492 18712
50	3524598	4.5	1	3503373 21225
51	1036288	4.5	1	1027906 8382
52	1432655	4.5	1	1423173 9482
53	542750	4.5	1	538272 4478
54	233678	4.5	1	231361 2317
55	47370	4.5	1	45689 1681
56	65987	4.5	1	64434 1553
57	45329	4.5	1	43852 1477
58	154134	4.5	1	152164 1970
59	510256	4.5	1	507131 3125
60	228381	4.5	1	225859 2522
61	436181	4.5	1	432926 3255
62	321282	4.5	1	318901 2381
63	165731	4.5	1	163606 2125
64	356423	4.5	1	353515 2908
65	764271	4.5	1	758930 5341
66	712718	4.5	1	708527 4191
67	119889	4.5	1	117508 2381
68	25776	4.5	1	24090 1686
69	44729	4.5	1	43382 1347
70	108694	4.5	1	107174 1520
71	116042	4.5	1	114506 1536
72	87745	4.5	1	86194 1551
73	107620	4.5	1	105764 1856
74	368972	4.5	1	365433 3539
75	653544	4.5	1	648273 5271
76	796121	4.5	1	789937 6184
77	786177	4.5	1	780465 5712
78	724787	4.5	1	720232 4555
79	649275	4.5	1	644759 4516
80	589849	4.5	1	585330 4519
81	571907	4.5	1	567755 4152
82	572113	4.5	1	567968 4145
83	627714	4.5	1	623183 4531
84	700831	4.5	1	696284 4547
85	788334	4.5	1	782757 5577
86	860501	4.5	1	854782 5719
87	820586	4.5	1	814746 5840
88	734193	4.5	1	729163 5030
89	642644	4.5	1	637366 5278
90	549636	4.5	1	545082 4554
91	505801	4.5	1	501245 4556
92	488063	4.5	1	483782 4281
93	506333	4.5	1	501201 5132
94	552937	4.5	1	547425 5512
95	600006	4.5	1	595022 4984
96	639526	4.5	1	632501 7025
97	610811	4.5	1	605752 5059
98	520437	4.5	1	516447 3990
99	422199	4.5	1	418450 3749
100	335285	4.5	1	331958 3327
101	269424	4.5	1	267169 2255
102	238075	4.5	1	235936 2139
103	222044	4.5	1	220344 1700
104	216791	4.5	1	215031 1760
105	201416	4.5	1	198896 2520
106	190308	4.5	1	188711 1597
107	154772	4.5	1	152507 2265
108	116705	4.5	1	115630 1075
109	84937	4.5	1	83792 1145
110	60613	4.5	1	60021 592
111	36924	4.5	1	36358 566
112	22743	4.5	1	22367 376
113	17002	4.5	1	16588 414
114	12731	4.5	1	12289 442
115	7107	4.5	1	6790 317
116	4430	4.5	1	4258 172
117	3474	4.5	1	2903 571
118	2529	4.5	1	2217 312
119	1619	4.5	1	1097 522
120	1185	4.5	1	880 305
121	693	4.5	1	406 287
122	508	4.5	1	212 296
123	425	4.5	1	183 242
124	1712	4.5	1	122 1590
125	729	4.5	1	23 706
126	247	4.5	1	25 222
127	721	4.5	1	47 674
128	395	4.5	1	45 350
129	587	4.5	1	7 580
130	395	4.5	1	64 331
131	503	4.5	1	60 443
132	481	4.5	1	36 445
133	324	4.5	1	57 267
134	1091	4.5	1	2 1089
135	360	4.5	1	1 359
136	339	4.5	1	6 333
137	880	4.5	1	49 831
138	255	4.5	1	19 236
139	250	4.5	1	48 202
140	452	4.5	1	40 412
141	180	4.5	1	11 169
142	1118	4.5	1	11 1107
143	242	4.5	1	14 228
144	195	4.5	1	31 164
145	76	4.5	1	2 74
146	116	4.5	1	5 111
147	840	4.5	1	35 805
148	194	4.5	1	11 183
149	327	4.5	1	96 231
150	22379	4.5	1	20649 1730

RUN STATISTICS FOR INPUT FILE: /beegfs/scratch/ric.sessa/kubacki.michal/SRF_Eva/90-1222471453/00_fastq/TEAD1-3_R1_001.fastq.gz
=============================================
74746716 sequences processed in total

