
SUMMARISING RUN PARAMETERS
==========================
Input filename: /beegfs/scratch/ric.sessa/kubacki.michal/SRF_Eva/90-1222471453/00_fastq/TES-1_R2_001.fastq.gz
Trimming mode: paired-end
Trim Galore version: 0.6.10
Cutadapt version: 5.1
Python version: 3.12.10
Number of cores used for trimming: 8
Quality Phred score cutoff: 20
Quality encoding type selected: ASCII+33
Using Nextera adapter for trimming (count: 687184). Second best hit was smallRNA (count: 5)
Adapter sequence: 'CTGTCTCTTATA' (Nextera Transposase sequence; auto-detected)
Maximum trimming error rate: 0.1 (default)
Minimum required adapter overlap (stringency): 5 bp
Minimum required sequence length for both reads before a sequence pair gets removed: 20 bp
Running FastQC on the data once trimming has completed
Output file will be GZIP compressed


This is cutadapt 5.1 with Python 3.12.10
Command line parameters: -j 8 -e 0.1 -q 20 -O 5 -a CTGTCTCTTATA /beegfs/scratch/ric.sessa/kubacki.michal/SRF_Eva/90-1222471453/00_fastq/TES-1_R2_001.fastq.gz
Processing single-end reads on 8 cores ...

=== Summary ===

Total reads processed:              60,876,267
Reads with adapters:                42,372,333 (69.6%)
Reads written (passing filters):    60,876,267 (100.0%)

Total basepairs processed: 9,131,440,050 bp
Quality-trimmed:              15,597,037 bp (0.2%)
Total written (filtered):  6,452,661,875 bp (70.7%)

=== Adapter 1 ===

Sequence: CTGTCTCTTATA; Type: regular 3'; Length: 12; Trimmed: 42372333 times

Minimum overlap: 5
No. of allowed errors:
1-9 bp: 0; 10-12 bp: 1

Bases preceding removed adapters:
  A: 8.4%
  C: 48.4%
  G: 26.5%
  T: 16.7%
  none/other: 0.0%

Overview of removed sequences
length	count	expect	max.err	error counts
5	235938	59449.5	0	235938
6	234608	14862.4	0	234608
7	205111	3715.6	0	205111
8	227627	928.9	0	227627
9	246533	232.2	0	245806 727
10	257708	58.1	1	255132 2576
11	273926	14.5	1	269824 4102
12	261515	3.6	1	255710 5805
13	269465	3.6	1	265331 4134
14	268696	3.6	1	265864 2832
15	258676	3.6	1	256093 2583
16	257671	3.6	1	255029 2642
17	227965	3.6	1	225118 2847
18	223002	3.6	1	220166 2836
19	226517	3.6	1	223454 3063
20	234563	3.6	1	232126 2437
21	269775	3.6	1	266890 2885
22	282614	3.6	1	279393 3221
23	307813	3.6	1	305102 2711
24	317079	3.6	1	313752 3327
25	310144	3.6	1	306483 3661
26	304259	3.6	1	300538 3721
27	267316	3.6	1	264131 3185
28	252688	3.6	1	247871 4817
29	242569	3.6	1	238908 3661
30	249324	3.6	1	245424 3900
31	287519	3.6	1	284013 3506
32	309655	3.6	1	306640 3015
33	347643	3.6	1	344007 3636
34	370106	3.6	1	365887 4219
35	367059	3.6	1	363580 3479
36	361716	3.6	1	358157 3559
37	320542	3.6	1	316959 3583
38	293315	3.6	1	289880 3435
39	275639	3.6	1	272600 3039
40	272513	3.6	1	268987 3526
41	312813	3.6	1	309270 3543
42	341784	3.6	1	337757 4027
43	404449	3.6	1	399788 4661
44	421968	3.6	1	416875 5093
45	449523	3.6	1	444084 5439
46	444903	3.6	1	439759 5144
47	390001	3.6	1	384735 5266
48	345894	3.6	1	341525 4369
49	318363	3.6	1	314260 4103
50	315418	3.6	1	310624 4794
51	336437	3.6	1	332400 4037
52	372757	3.6	1	367580 5177
53	470383	3.6	1	464335 6048
54	459863	3.6	1	454798 5065
55	528801	3.6	1	523143 5658
56	546401	3.6	1	540287 6114
57	475244	3.6	1	469851 5393
58	421082	3.6	1	416354 4728
59	378552	3.6	1	374021 4531
60	345547	3.6	1	341540 4007
61	375856	3.6	1	371624 4232
62	399327	3.6	1	394035 5292
63	498148	3.6	1	491031 7117
64	595716	3.6	1	587732 7984
65	689913	3.6	1	681796 8117
66	725841	3.6	1	719365 6476
67	766229	3.6	1	761341 4888
68	224465	3.6	1	222067 2398
69	425312	3.6	1	421857 3455
70	381532	3.6	1	378197 3335
71	404935	3.6	1	400648 4287
72	420542	3.6	1	417131 3411
73	507112	3.6	1	503363 3749
74	627781	3.6	1	623279 4502
75	725657	3.6	1	720384 5273
76	812303	3.6	1	806369 5934
77	732547	3.6	1	725545 7002
78	624840	3.6	1	619240 5600
79	525330	3.6	1	520655 4675
80	435951	3.6	1	430697 5254
81	426322	3.6	1	422537 3785
82	427131	3.6	1	423192 3939
83	503319	3.6	1	498926 4393
84	645617	3.6	1	640636 4981
85	794333	3.6	1	787521 6812
86	922678	3.6	1	914921 7757
87	856072	3.6	1	849325 6747
88	717137	3.6	1	711851 5286
89	561141	3.6	1	556302 4839
90	443983	3.6	1	440421 3562
91	392969	3.6	1	389492 3477
92	380622	3.6	1	377513 3109
93	425162	3.6	1	421492 3670
94	531078	3.6	1	527258 3820
95	648482	3.6	1	642633 5849
96	739039	3.6	1	733482 5557
97	716687	3.6	1	711038 5649
98	584686	3.6	1	581233 3453
99	439914	3.6	1	436772 3142
100	314645	3.6	1	312572 2073
101	232766	3.6	1	231033 1733
102	195662	3.6	1	193741 1921
103	199986	3.6	1	197949 2037
104	227731	3.6	1	225791 1940
105	238186	3.6	1	236089 2097
106	231923	3.6	1	230064 1859
107	195052	3.6	1	193229 1823
108	150651	3.6	1	149125 1526
109	110098	3.6	1	109089 1009
110	75206	3.6	1	74285 921
111	42134	3.6	1	41610 524
112	24111	3.6	1	23677 434
113	18468	3.6	1	18100 368
114	15212	3.6	1	14843 369
115	9422	3.6	1	9131 291
116	6007	3.6	1	5793 214
117	4492	3.6	1	4155 337
118	3048	3.6	1	2809 239
119	1829	3.6	1	1555 274
120	1296	3.6	1	1116 180
121	1068	3.6	1	906 162
122	737	3.6	1	518 219
123	508	3.6	1	363 145
124	1082	3.6	1	230 852
125	412	3.6	1	126 286
126	421	3.6	1	198 223
127	430	3.6	1	61 369
128	187	3.6	1	52 135
129	316	3.6	1	50 266
130	187	3.6	1	46 141
131	258	3.6	1	50 208
132	338	3.6	1	24 314
133	125	3.6	1	24 101
134	532	3.6	1	29 503
135	185	3.6	1	23 162
136	148	3.6	1	27 121
137	500	3.6	1	40 460
138	194	3.6	1	18 176
139	139	3.6	1	9 130
140	247	3.6	1	5 242
141	216	3.6	1	28 188
142	827	3.6	1	21 806
143	88	3.6	1	4 84
144	109	3.6	1	14 95
145	73	3.6	1	18 55
146	87	3.6	1	8 79
147	642	3.6	1	9 633
148	139	3.6	1	7 132
149	205	3.6	1	80 125
150	9307	3.6	1	8824 483

RUN STATISTICS FOR INPUT FILE: /beegfs/scratch/ric.sessa/kubacki.michal/SRF_Eva/90-1222471453/00_fastq/TES-1_R2_001.fastq.gz
=============================================
60876267 sequences processed in total

Total number of sequences analysed for the sequence pair length validation: 60876267

Number of sequence pairs removed because at least one read was shorter than the length cutoff (20 bp): 55572 (0.09%)
