
SUMMARISING RUN PARAMETERS
==========================
Input filename: /beegfs/scratch/ric.sessa/kubacki.michal/SRF_Eva/90-1222471453/00_fastq/TES-1_R1_001.fastq.gz
Trimming mode: paired-end
Trim Galore version: 0.6.10
Cutadapt version: 5.1
Python version: 3.12.10
Number of cores used for trimming: 8
Quality Phred score cutoff: 20
Quality encoding type selected: ASCII+33
Using Nextera adapter for trimming (count: 687184). Second best hit was smallRNA (count: 5)
Adapter sequence: 'CTGTCTCTTATA' (Nextera Transposase sequence; auto-detected)
Maximum trimming error rate: 0.1 (default)
Minimum required adapter overlap (stringency): 5 bp
Minimum required sequence length for both reads before a sequence pair gets removed: 20 bp
Running FastQC on the data once trimming has completed
Output file will be GZIP compressed


This is cutadapt 5.1 with Python 3.12.10
Command line parameters: -j 8 -e 0.1 -q 20 -O 5 -a CTGTCTCTTATA /beegfs/scratch/ric.sessa/kubacki.michal/SRF_Eva/90-1222471453/00_fastq/TES-1_R1_001.fastq.gz
Processing single-end reads on 8 cores ...

=== Summary ===

Total reads processed:              60,876,267
Reads with adapters:                42,396,307 (69.6%)
Reads written (passing filters):    60,876,267 (100.0%)

Total basepairs processed: 9,131,440,050 bp
Quality-trimmed:              69,453,667 bp (0.8%)
Total written (filtered):  6,451,335,613 bp (70.6%)

=== Adapter 1 ===

Sequence: CTGTCTCTTATA; Type: regular 3'; Length: 12; Trimmed: 42396307 times

Minimum overlap: 5
No. of allowed errors:
1-9 bp: 0; 10-12 bp: 1

Bases preceding removed adapters:
  A: 8.5%
  C: 48.3%
  G: 26.5%
  T: 16.7%
  none/other: 0.0%

Overview of removed sequences
length	count	expect	max.err	error counts
5	236418	59449.5	0	236418
6	230391	14862.4	0	230391
7	211303	3715.6	0	211303
8	229247	928.9	0	229247
9	249475	232.2	0	248749 726
10	256304	58.1	1	252690 3614
11	276061	14.5	1	270205 5856
12	259308	3.6	1	256710 2598
13	273634	3.6	1	268456 5178
14	267702	3.6	1	264095 3607
15	264147	3.6	1	258947 5200
16	258821	3.6	1	254586 4235
17	228124	3.6	1	224658 3466
18	224327	3.6	1	220112 4215
19	226652	3.6	1	221648 5004
20	234607	3.6	1	230766 3841
21	281570	3.6	1	274067 7503
22	281431	3.6	1	277529 3902
23	309279	3.6	1	304802 4477
24	314550	3.6	1	310780 3770
25	306427	3.6	1	301612 4815
26	308569	3.6	1	303518 5051
27	280236	3.6	1	272694 7542
28	276696	3.6	1	269615 7081
29	233073	3.6	1	229174 3899
30	248303	3.6	1	244687 3616
31	290857	3.6	1	286529 4328
32	312007	3.6	1	307350 4657
33	349946	3.6	1	345473 4473
34	370535	3.6	1	363746 6789
35	366264	3.6	1	360708 5556
36	373124	3.6	1	367263 5861
37	329267	3.6	1	322862 6405
38	311932	3.6	1	305612 6320
39	278907	3.6	1	274054 4853
40	285727	3.6	1	279391 6336
41	317784	3.6	1	313581 4203
42	369984	3.6	1	362183 7801
43	421253	3.6	1	412315 8938
44	691422	3.6	1	667879 23543
45	545156	3.6	1	533942 11214
46	774000	3.6	1	759620 14380
47	226818	3.6	1	222473 4345
48	955006	3.6	1	940837 14169
49	1042824	3.6	1	1032042 10782
50	286554	3.6	1	283206 3348
51	653381	3.6	1	648590 4791
52	425294	3.6	1	421421 3873
53	304829	3.6	1	302342 2487
54	699732	3.6	1	695263 4469
55	114517	3.6	1	112610 1907
56	547809	3.6	1	544305 3504
57	344660	3.6	1	342305 2355
58	311324	3.6	1	308133 3191
59	701010	3.6	1	696498 4512
60	333057	3.6	1	330540 2517
61	758686	3.6	1	754264 4422
62	71228	3.6	1	69801 1427
63	300711	3.6	1	298668 2043
64	435953	3.6	1	431925 4028
65	1342280	3.6	1	1334296 7984
66	101186	3.6	1	98880 2306
67	76586	3.6	1	75211 1375
68	342789	3.6	1	340369 2420
69	367409	3.6	1	365224 2185
70	404138	3.6	1	401885 2253
71	347404	3.6	1	345577 1827
72	171439	3.6	1	170102 1337
73	163895	3.6	1	161767 2128
74	467857	3.6	1	463755 4102
75	650930	3.6	1	645173 5757
76	750846	3.6	1	744216 6630
77	698828	3.6	1	692843 5985
78	602980	3.6	1	598399 4581
79	511411	3.6	1	507350 4061
80	425522	3.6	1	421961 3561
81	415153	3.6	1	411840 3313
82	418200	3.6	1	414722 3478
83	495353	3.6	1	491165 4188
84	634662	3.6	1	629609 5053
85	777529	3.6	1	771278 6251
86	907667	3.6	1	900788 6879
87	847170	3.6	1	840116 7054
88	707184	3.6	1	701579 5605
89	553724	3.6	1	548566 5158
90	438501	3.6	1	434424 4077
91	387850	3.6	1	383924 3926
92	374928	3.6	1	371130 3798
93	421033	3.6	1	416342 4691
94	525340	3.6	1	519433 5907
95	641559	3.6	1	635342 6217
96	732155	3.6	1	723408 8747
97	709029	3.6	1	702830 6199
98	578989	3.6	1	573902 5087
99	435840	3.6	1	432239 3601
100	311627	3.6	1	308470 3157
101	230578	3.6	1	228658 1920
102	193907	3.6	1	192128 1779
103	198070	3.6	1	196504 1566
104	225952	3.6	1	223826 2126
105	236278	3.6	1	232632 3646
106	230220	3.6	1	228008 2212
107	193877	3.6	1	190867 3010
108	149904	3.6	1	148253 1651
109	109452	3.6	1	107808 1644
110	74782	3.6	1	73844 938
111	41965	3.6	1	41273 692
112	24003	3.6	1	23596 407
113	18393	3.6	1	18041 352
114	15189	3.6	1	14811 378
115	9389	3.6	1	9110 279
116	5973	3.6	1	5739 234
117	4489	3.6	1	4152 337
118	3047	3.6	1	2798 249
119	1868	3.6	1	1538 330
120	1333	3.6	1	1126 207
121	1083	3.6	1	898 185
122	811	3.6	1	518 293
123	518	3.6	1	371 147
124	1043	3.6	1	227 816
125	478	3.6	1	119 359
126	432	3.6	1	200 232
127	387	3.6	1	68 319
128	225	3.6	1	52 173
129	401	3.6	1	50 351
130	184	3.6	1	43 141
131	256	3.6	1	60 196
132	349	3.6	1	26 323
133	133	3.6	1	22 111
134	656	3.6	1	28 628
135	200	3.6	1	19 181
136	192	3.6	1	26 166
137	536	3.6	1	32 504
138	202	3.6	1	11 191
139	168	3.6	1	11 157
140	240	3.6	1	5 235
141	285	3.6	1	28 257
142	778	3.6	1	19 759
143	101	3.6	1	0 101
144	115	3.6	1	12 103
145	106	3.6	1	15 91
146	104	3.6	1	10 94
147	656	3.6	1	6 650
148	182	3.6	1	10 172
149	167	3.6	1	57 110
150	9444	3.6	1	8604 840

RUN STATISTICS FOR INPUT FILE: /beegfs/scratch/ric.sessa/kubacki.michal/SRF_Eva/90-1222471453/00_fastq/TES-1_R1_001.fastq.gz
=============================================
60876267 sequences processed in total

