
SUMMARISING RUN PARAMETERS
==========================
Input filename: /beegfs/scratch/ric.sessa/kubacki.michal/SRF_Eva/90-1222471453/00_fastq/TES-2_R2_001.fastq.gz
Trimming mode: paired-end
Trim Galore version: 0.6.10
Cutadapt version: 5.1
Python version: 3.12.10
Number of cores used for trimming: 8
Quality Phred score cutoff: 20
Quality encoding type selected: ASCII+33
Using Nextera adapter for trimming (count: 788746). Second best hit was smallRNA (count: 6)
Adapter sequence: 'CTGTCTCTTATA' (Nextera Transposase sequence; auto-detected)
Maximum trimming error rate: 0.1 (default)
Minimum required adapter overlap (stringency): 5 bp
Minimum required sequence length for both reads before a sequence pair gets removed: 20 bp
Running FastQC on the data once trimming has completed
Output file will be GZIP compressed


This is cutadapt 5.1 with Python 3.12.10
Command line parameters: -j 8 -e 0.1 -q 20 -O 5 -a CTGTCTCTTATA /beegfs/scratch/ric.sessa/kubacki.michal/SRF_Eva/90-1222471453/00_fastq/TES-2_R2_001.fastq.gz
Processing single-end reads on 8 cores ...

=== Summary ===

Total reads processed:              65,179,879
Reads with adapters:                52,918,434 (81.2%)
Reads written (passing filters):    65,179,879 (100.0%)

Total basepairs processed: 9,776,981,850 bp
Quality-trimmed:              13,557,868 bp (0.1%)
Total written (filtered):  6,523,980,538 bp (66.7%)

=== Adapter 1 ===

Sequence: CTGTCTCTTATA; Type: regular 3'; Length: 12; Trimmed: 52918434 times

Minimum overlap: 5
No. of allowed errors:
1-9 bp: 0; 10-12 bp: 1

Bases preceding removed adapters:
  A: 8.3%
  C: 49.4%
  G: 25.6%
  T: 16.8%
  none/other: 0.0%

Overview of removed sequences
length	count	expect	max.err	error counts
5	245883	63652.2	0	245883
6	262102	15913.1	0	262102
7	233393	3978.3	0	233393
8	272002	994.6	0	272002
9	295964	248.6	0	295764 200
10	311693	62.2	1	309090 2603
11	332085	15.5	1	327375 4710
12	292355	3.9	1	286140 6215
13	303596	3.9	1	299078 4518
14	302991	3.9	1	300293 2698
15	293683	3.9	1	291132 2551
16	306265	3.9	1	303456 2809
17	277880	3.9	1	274915 2965
18	286806	3.9	1	283282 3524
19	300238	3.9	1	296678 3560
20	309011	3.9	1	305979 3032
21	358305	3.9	1	354682 3623
22	352255	3.9	1	348742 3513
23	378782	3.9	1	375635 3147
24	390362	3.9	1	386702 3660
25	376261	3.9	1	372098 4163
26	384088	3.9	1	379513 4575
27	344576	3.9	1	340728 3848
28	337079	3.9	1	331237 5842
29	342322	3.9	1	337277 5045
30	356832	3.9	1	351446 5386
31	409760	3.9	1	405030 4730
32	423444	3.9	1	419845 3599
33	464002	3.9	1	459474 4528
34	475965	3.9	1	471554 4411
35	473934	3.9	1	469863 4071
36	475505	3.9	1	471061 4444
37	421830	3.9	1	417742 4088
38	406241	3.9	1	401930 4311
39	399907	3.9	1	395940 3967
40	401447	3.9	1	396707 4740
41	478891	3.9	1	473996 4895
42	488774	3.9	1	483405 5369
43	565257	3.9	1	559321 5936
44	568074	3.9	1	561813 6261
45	584783	3.9	1	578416 6367
46	598551	3.9	1	591992 6559
47	516234	3.9	1	510055 6179
48	481058	3.9	1	475617 5441
49	469781	3.9	1	464392 5389
50	473964	3.9	1	467851 6113
51	522345	3.9	1	516551 5794
52	544291	3.9	1	537566 6725
53	669966	3.9	1	662374 7592
54	624977	3.9	1	618692 6285
55	706048	3.9	1	699199 6849
56	718754	3.9	1	711437 7317
57	621183	3.9	1	614963 6220
58	555659	3.9	1	550038 5621
59	530186	3.9	1	524351 5835
60	502758	3.9	1	497675 5083
61	575763	3.9	1	570224 5539
62	582123	3.9	1	575433 6690
63	703207	3.9	1	694497 8710
64	810324	3.9	1	800910 9414
65	898592	3.9	1	889351 9241
66	950573	3.9	1	942979 7594
67	951198	3.9	1	945690 5508
68	287266	3.9	1	284689 2577
69	552117	3.9	1	548223 3894
70	523534	3.9	1	519567 3967
71	588726	3.9	1	583145 5581
72	581999	3.9	1	578102 3897
73	692901	3.9	1	688463 4438
74	836738	3.9	1	831464 5274
75	937677	3.9	1	931513 6164
76	1048965	3.9	1	1042020 6945
77	870419	3.9	1	863088 7331
78	733124	3.9	1	727411 5713
79	628065	3.9	1	623351 4714
80	535179	3.9	1	529774 5405
81	573763	3.9	1	569120 4643
82	550687	3.9	1	546159 4528
83	632056	3.9	1	627100 4956
84	795051	3.9	1	789530 5521
85	970946	3.9	1	963372 7574
86	1158220	3.9	1	1149853 8367
87	995971	3.9	1	989101 6870
88	791441	3.9	1	786300 5141
89	611072	3.9	1	606587 4485
90	490705	3.9	1	487601 3104
91	469030	3.9	1	465567 3463
92	443470	3.9	1	440564 2906
93	477520	3.9	1	474180 3340
94	580948	3.9	1	577302 3646
95	698195	3.9	1	693091 5104
96	810608	3.9	1	805336 5272
97	759289	3.9	1	754438 4851
98	591020	3.9	1	588059 2961
99	424270	3.9	1	421977 2293
100	299542	3.9	1	297937 1605
101	234543	3.9	1	233277 1266
102	197089	3.9	1	195646 1443
103	186466	3.9	1	185029 1437
104	197098	3.9	1	195854 1244
105	192514	3.9	1	191176 1338
106	187199	3.9	1	185901 1298
107	152763	3.9	1	151528 1235
108	119124	3.9	1	118069 1055
109	81565	3.9	1	80972 593
110	50407	3.9	1	49793 614
111	29234	3.9	1	28840 394
112	17080	3.9	1	16843 237
113	11874	3.9	1	11644 230
114	8753	3.9	1	8517 236
115	5297	3.9	1	5127 170
116	3059	3.9	1	2925 134
117	2168	3.9	1	1888 280
118	1362	3.9	1	1216 146
119	943	3.9	1	652 291
120	498	3.9	1	317 181
121	451	3.9	1	322 129
122	323	3.9	1	116 207
123	214	3.9	1	106 108
124	346	3.9	1	79 267
125	247	3.9	1	54 193
126	253	3.9	1	88 165
127	192	3.9	1	13 179
128	141	3.9	1	30 111
129	223	3.9	1	34 189
130	93	3.9	1	17 76
131	282	3.9	1	50 232
132	377	3.9	1	16 361
133	152	3.9	1	10 142
134	290	3.9	1	6 284
135	103	3.9	1	7 96
136	147	3.9	1	12 135
137	479	3.9	1	18 461
138	172	3.9	1	17 155
139	99	3.9	1	1 98
140	135	3.9	1	2 133
141	261	3.9	1	29 232
142	480	3.9	1	10 470
143	69	3.9	1	1 68
144	91	3.9	1	1 90
145	13	3.9	1	0 13
146	71	3.9	1	0 71
147	435	3.9	1	1 434
148	112	3.9	1	0 112
149	61	3.9	1	0 61
150	414	3.9	1	379 35

RUN STATISTICS FOR INPUT FILE: /beegfs/scratch/ric.sessa/kubacki.michal/SRF_Eva/90-1222471453/00_fastq/TES-2_R2_001.fastq.gz
=============================================
65179879 sequences processed in total

Total number of sequences analysed for the sequence pair length validation: 65179879

Number of sequence pairs removed because at least one read was shorter than the length cutoff (20 bp): 38796 (0.06%)
