
SUMMARISING RUN PARAMETERS
==========================
Input filename: /beegfs/scratch/ric.sessa/kubacki.michal/SRF_Eva/90-1222471453/00_fastq/TES-2_R1_001.fastq.gz
Trimming mode: paired-end
Trim Galore version: 0.6.10
Cutadapt version: 5.1
Python version: 3.12.10
Number of cores used for trimming: 8
Quality Phred score cutoff: 20
Quality encoding type selected: ASCII+33
Using Nextera adapter for trimming (count: 788746). Second best hit was smallRNA (count: 6)
Adapter sequence: 'CTGTCTCTTATA' (Nextera Transposase sequence; auto-detected)
Maximum trimming error rate: 0.1 (default)
Minimum required adapter overlap (stringency): 5 bp
Minimum required sequence length for both reads before a sequence pair gets removed: 20 bp
Running FastQC on the data once trimming has completed
Output file will be GZIP compressed


This is cutadapt 5.1 with Python 3.12.10
Command line parameters: -j 8 -e 0.1 -q 20 -O 5 -a CTGTCTCTTATA /beegfs/scratch/ric.sessa/kubacki.michal/SRF_Eva/90-1222471453/00_fastq/TES-2_R1_001.fastq.gz
Processing single-end reads on 8 cores ...

=== Summary ===

Total reads processed:              65,179,879
Reads with adapters:                52,934,752 (81.2%)
Reads written (passing filters):    65,179,879 (100.0%)

Total basepairs processed: 9,776,981,850 bp
Quality-trimmed:             182,842,308 bp (1.9%)
Total written (filtered):  6,521,672,370 bp (66.7%)

=== Adapter 1 ===

Sequence: CTGTCTCTTATA; Type: regular 3'; Length: 12; Trimmed: 52934752 times

Minimum overlap: 5
No. of allowed errors:
1-9 bp: 0; 10-12 bp: 1

Bases preceding removed adapters:
  A: 8.3%
  C: 48.9%
  G: 25.8%
  T: 17.0%
  none/other: 0.0%

Overview of removed sequences
length	count	expect	max.err	error counts
5	246337	63652.2	0	246337
6	257325	15913.1	0	257325
7	240681	3978.3	0	240681
8	274071	994.6	0	274071
9	299229	248.6	0	299014 215
10	310201	62.2	1	306133 4068
11	334762	15.5	1	327599 7163
12	289933	3.9	1	287158 2775
13	307952	3.9	1	302285 5667
14	301663	3.9	1	297516 4147
15	299508	3.9	1	293972 5536
16	307181	3.9	1	302270 4911
17	278424	3.9	1	274169 4255
18	288876	3.9	1	283485 5391
19	301472	3.9	1	294733 6739
20	308465	3.9	1	303584 4881
21	371408	3.9	1	362303 9105
22	350700	3.9	1	345970 4730
23	380356	3.9	1	374880 5476
24	386642	3.9	1	381984 4658
25	372448	3.9	1	366608 5840
26	388162	3.9	1	382160 6002
27	354069	3.9	1	345542 8527
28	339861	3.9	1	334503 5358
29	360816	3.9	1	351024 9792
30	362445	3.9	1	355923 6522
31	423429	3.9	1	415416 8013
32	439175	3.9	1	430551 8624
33	484869	3.9	1	476891 7978
34	463150	3.9	1	456029 7121
35	478482	3.9	1	470607 7875
36	484694	3.9	1	478202 6492
37	426752	3.9	1	419740 7012
38	410185	3.9	1	404190 5995
39	420475	3.9	1	412635 7840
40	408263	3.9	1	400855 7408
41	519307	3.9	1	507858 11449
42	535945	3.9	1	525527 10418
43	591650	3.9	1	579949 11701
44	1027878	3.9	1	997377 30501
45	913023	3.9	1	897639 15384
46	1482191	3.9	1	1459930 22261
47	402921	3.9	1	394044 8877
48	4966870	3.9	1	4939633 27237
49	2090276	3.9	1	2073988 16288
50	1700480	3.9	1	1686902 13578
51	910920	3.9	1	905082 5838
52	714350	3.9	1	709203 5147
53	331914	3.9	1	329273 2641
54	311480	3.9	1	309269 2211
55	24514	3.9	1	23275 1239
56	123717	3.9	1	121966 1751
57	58972	3.9	1	57741 1231
58	148218	3.9	1	146220 1998
59	530715	3.9	1	527169 3546
60	154303	3.9	1	152188 2115
61	335289	3.9	1	332105 3184
62	237753	3.9	1	235515 2238
63	128410	3.9	1	126298 2112
64	345201	3.9	1	341921 3280
65	790062	3.9	1	784396 5666
66	741498	3.9	1	736660 4838
67	80382	3.9	1	78237 2145
68	28507	3.9	1	27237 1270
69	106812	3.9	1	105506 1306
70	190520	3.9	1	188993 1527
71	208974	3.9	1	207284 1690
72	136263	3.9	1	134906 1357
73	96941	3.9	1	94981 1960
74	418879	3.9	1	415017 3862
75	747482	3.9	1	741630 5852
76	933836	3.9	1	926361 7475
77	812890	3.9	1	806519 6371
78	699622	3.9	1	694916 4706
79	604665	3.9	1	600705 3960
80	518735	3.9	1	515178 3557
81	554345	3.9	1	550157 4188
82	533890	3.9	1	530264 3626
83	615714	3.9	1	611537 4177
84	775799	3.9	1	770532 5267
85	943818	3.9	1	937433 6385
86	1121397	3.9	1	1114257 7140
87	971434	3.9	1	964624 6810
88	772366	3.9	1	767160 5206
89	596811	3.9	1	592130 4681
90	480406	3.9	1	476357 4049
91	458459	3.9	1	454648 3811
92	433873	3.9	1	430267 3606
93	468811	3.9	1	464383 4428
94	571470	3.9	1	566055 5415
95	686447	3.9	1	680557 5890
96	796988	3.9	1	788771 8217
97	744944	3.9	1	739061 5883
98	579599	3.9	1	574969 4630
99	416905	3.9	1	413799 3106
100	294524	3.9	1	292066 2458
101	230799	3.9	1	229326 1473
102	194215	3.9	1	192802 1413
103	183696	3.9	1	182473 1223
104	194029	3.9	1	192544 1485
105	189835	3.9	1	187664 2171
106	184594	3.9	1	183157 1437
107	150531	3.9	1	148666 1865
108	117455	3.9	1	116413 1042
109	80736	3.9	1	79648 1088
110	49719	3.9	1	49210 509
111	28887	3.9	1	28414 473
112	16819	3.9	1	16578 241
113	11735	3.9	1	11473 262
114	8636	3.9	1	8400 236
115	5331	3.9	1	5034 297
116	3154	3.9	1	2938 216
117	2178	3.9	1	1873 305
118	1421	3.9	1	1205 216
119	918	3.9	1	645 273
120	457	3.9	1	314 143
121	462	3.9	1	311 151
122	290	3.9	1	105 185
123	200	3.9	1	106 94
124	429	3.9	1	79 350
125	339	3.9	1	46 293
126	316	3.9	1	88 228
127	241	3.9	1	12 229
128	238	3.9	1	20 218
129	240	3.9	1	34 206
130	150	3.9	1	16 134
131	241	3.9	1	48 193
132	137	3.9	1	8 129
133	172	3.9	1	16 156
134	238	3.9	1	7 231
135	142	3.9	1	8 134
136	170	3.9	1	14 156
137	455	3.9	1	18 437
138	168	3.9	1	8 160
139	71	3.9	1	2 69
140	163	3.9	1	6 157
141	200	3.9	1	30 170
142	426	3.9	1	15 411
143	41	3.9	1	1 40
144	73	3.9	1	0 73
145	58	3.9	1	1 57
146	92	3.9	1	1 91
147	416	3.9	1	1 415
148	121	3.9	1	1 120
149	42	3.9	1	4 38
150	450	3.9	1	365 85

RUN STATISTICS FOR INPUT FILE: /beegfs/scratch/ric.sessa/kubacki.michal/SRF_Eva/90-1222471453/00_fastq/TES-2_R1_001.fastq.gz
=============================================
65179879 sequences processed in total

