
SUMMARISING RUN PARAMETERS
==========================
Input filename: /beegfs/scratch/ric.sessa/kubacki.michal/SRF_Eva/90-1222471453/00_fastq/TES-3_R2_001.fastq.gz
Trimming mode: paired-end
Trim Galore version: 0.6.10
Cutadapt version: 5.1
Python version: 3.12.10
Number of cores used for trimming: 8
Quality Phred score cutoff: 20
Quality encoding type selected: ASCII+33
Using Nextera adapter for trimming (count: 763339). Second best hit was smallRNA (count: 1)
Adapter sequence: 'CTGTCTCTTATA' (Nextera Transposase sequence; auto-detected)
Maximum trimming error rate: 0.1 (default)
Minimum required adapter overlap (stringency): 5 bp
Minimum required sequence length for both reads before a sequence pair gets removed: 20 bp
Running FastQC on the data once trimming has completed
Output file will be GZIP compressed


This is cutadapt 5.1 with Python 3.12.10
Command line parameters: -j 8 -e 0.1 -q 20 -O 5 -a CTGTCTCTTATA /beegfs/scratch/ric.sessa/kubacki.michal/SRF_Eva/90-1222471453/00_fastq/TES-3_R2_001.fastq.gz
Processing single-end reads on 8 cores ...

=== Summary ===

Total reads processed:              69,142,383
Reads with adapters:                53,379,271 (77.2%)
Reads written (passing filters):    69,142,383 (100.0%)

Total basepairs processed: 10,371,357,450 bp
Quality-trimmed:              18,224,422 bp (0.2%)
Total written (filtered):  6,833,546,528 bp (65.9%)

=== Adapter 1 ===

Sequence: CTGTCTCTTATA; Type: regular 3'; Length: 12; Trimmed: 53379271 times

Minimum overlap: 5
No. of allowed errors:
1-9 bp: 0; 10-12 bp: 1

Bases preceding removed adapters:
  A: 8.5%
  C: 48.1%
  G: 26.7%
  T: 16.7%
  none/other: 0.0%

Overview of removed sequences
length	count	expect	max.err	error counts
5	223887	67521.9	0	223887
6	215654	16880.5	0	215654
7	189290	4220.1	0	189290
8	202921	1055.0	0	202921
9	227341	263.8	0	226298 1043
10	246813	65.9	1	244366 2447
11	264049	16.5	1	260307 3742
12	268926	4.1	1	262903 6023
13	278471	4.1	1	274177 4294
14	278624	4.1	1	275728 2896
15	270517	4.1	1	267711 2806
16	255476	4.1	1	252862 2614
17	225222	4.1	1	222387 2835
18	215763	4.1	1	212872 2891
19	216718	4.1	1	213585 3133
20	238592	4.1	1	235936 2656
21	282372	4.1	1	279397 2975
22	312667	4.1	1	309286 3381
23	346999	4.1	1	344001 2998
24	360834	4.1	1	356940 3894
25	350101	4.1	1	346060 4041
26	340250	4.1	1	336116 4134
27	289552	4.1	1	286008 3544
28	259059	4.1	1	253784 5275
29	247011	4.1	1	242858 4153
30	260565	4.1	1	256194 4371
31	314384	4.1	1	310410 3974
32	354162	4.1	1	350722 3440
33	412568	4.1	1	408527 4041
34	443287	4.1	1	437936 5351
35	437747	4.1	1	433710 4037
36	423946	4.1	1	419651 4295
37	364728	4.1	1	360624 4104
38	322024	4.1	1	318259 3765
39	303155	4.1	1	299886 3269
40	302359	4.1	1	298145 4214
41	349113	4.1	1	345146 3967
42	403633	4.1	1	398811 4822
43	490650	4.1	1	485056 5594
44	533650	4.1	1	527508 6142
45	581261	4.1	1	574375 6886
46	563118	4.1	1	556404 6714
47	469927	4.1	1	463515 6412
48	397996	4.1	1	393056 4940
49	356509	4.1	1	352126 4383
50	352463	4.1	1	347216 5247
51	395410	4.1	1	390693 4717
52	440504	4.1	1	434617 5887
53	565491	4.1	1	558289 7202
54	605433	4.1	1	598614 6819
55	687390	4.1	1	680311 7079
56	721591	4.1	1	713600 7991
57	603256	4.1	1	596488 6768
58	514152	4.1	1	508438 5714
59	433663	4.1	1	428440 5223
60	385870	4.1	1	381328 4542
61	423343	4.1	1	418429 4914
62	469029	4.1	1	462866 6163
63	616674	4.1	1	608243 8431
64	770013	4.1	1	760361 9652
65	906270	4.1	1	895963 10307
66	968637	4.1	1	960128 8509
67	1007732	4.1	1	1001237 6495
68	285341	4.1	1	282449 2892
69	507884	4.1	1	503898 3986
70	431137	4.1	1	427248 3889
71	460113	4.1	1	455373 4740
72	492375	4.1	1	488489 3886
73	627158	4.1	1	622647 4511
74	812754	4.1	1	806982 5772
75	975521	4.1	1	968476 7045
76	1131893	4.1	1	1123982 7911
77	1009927	4.1	1	1000687 9240
78	834636	4.1	1	827505 7131
79	663200	4.1	1	657440 5760
80	513223	4.1	1	506975 6248
81	502769	4.1	1	498527 4242
82	494547	4.1	1	489758 4789
83	623674	4.1	1	618327 5347
84	864019	4.1	1	857573 6446
85	1104065	4.1	1	1095145 8920
86	1342708	4.1	1	1332139 10569
87	1229724	4.1	1	1220398 9326
88	1016571	4.1	1	1009567 7004
89	752145	4.1	1	745943 6202
90	562185	4.1	1	558124 4061
91	473801	4.1	1	469589 4212
92	448703	4.1	1	445256 3447
93	526045	4.1	1	521676 4369
94	734554	4.1	1	729480 5074
95	929674	4.1	1	922120 7554
96	1119207	4.1	1	1111321 7886
97	1121352	4.1	1	1113469 7883
98	910953	4.1	1	906139 4814
99	667253	4.1	1	663219 4034
100	447699	4.1	1	445068 2631
101	313224	4.1	1	310989 2235
102	262512	4.1	1	260095 2417
103	276547	4.1	1	274040 2507
104	343948	4.1	1	341338 2610
105	380891	4.1	1	378102 2789
106	388934	4.1	1	386178 2756
107	346667	4.1	1	344019 2648
108	274556	4.1	1	272135 2421
109	201958	4.1	1	200373 1585
110	140353	4.1	1	138930 1423
111	79421	4.1	1	78555 866
112	45665	4.1	1	45013 652
113	35826	4.1	1	35355 471
114	31982	4.1	1	31536 446
115	20383	4.1	1	19970 413
116	12937	4.1	1	12636 301
117	10279	4.1	1	9586 693
118	6711	4.1	1	6397 314
119	3950	4.1	1	3614 336
120	2697	4.1	1	2483 214
121	2070	4.1	1	1899 171
122	1242	4.1	1	793 449
123	624	4.1	1	440 184
124	2632	4.1	1	306 2326
125	693	4.1	1	141 552
126	502	4.1	1	275 227
127	760	4.1	1	87 673
128	247	4.1	1	75 172
129	672	4.1	1	81 591
130	255	4.1	1	75 180
131	239	4.1	1	87 152
132	559	4.1	1	34 525
133	220	4.1	1	39 181
134	1497	4.1	1	49 1448
135	284	4.1	1	25 259
136	271	4.1	1	45 226
137	776	4.1	1	15 761
138	246	4.1	1	10 236
139	134	4.1	1	13 121
140	313	4.1	1	11 302
141	213	4.1	1	21 192
142	958	4.1	1	22 936
143	144	4.1	1	7 137
144	117	4.1	1	5 112
145	64	4.1	1	7 57
146	111	4.1	1	5 106
147	936	4.1	1	17 919
148	173	4.1	1	0 173
149	239	4.1	1	36 203
150	7017	4.1	1	6750 267

RUN STATISTICS FOR INPUT FILE: /beegfs/scratch/ric.sessa/kubacki.michal/SRF_Eva/90-1222471453/00_fastq/TES-3_R2_001.fastq.gz
=============================================
69142383 sequences processed in total

Total number of sequences analysed for the sequence pair length validation: 69142383

Number of sequence pairs removed because at least one read was shorter than the length cutoff (20 bp): 62687 (0.09%)
