
SUMMARISING RUN PARAMETERS
==========================
Input filename: /beegfs/scratch/ric.sessa/kubacki.michal/SRF_Eva/90-1222471453/00_fastq/TES-3_R1_001.fastq.gz
Trimming mode: paired-end
Trim Galore version: 0.6.10
Cutadapt version: 5.1
Python version: 3.12.10
Number of cores used for trimming: 8
Quality Phred score cutoff: 20
Quality encoding type selected: ASCII+33
Using Nextera adapter for trimming (count: 763339). Second best hit was smallRNA (count: 1)
Adapter sequence: 'CTGTCTCTTATA' (Nextera Transposase sequence; auto-detected)
Maximum trimming error rate: 0.1 (default)
Minimum required adapter overlap (stringency): 5 bp
Minimum required sequence length for both reads before a sequence pair gets removed: 20 bp
Running FastQC on the data once trimming has completed
Output file will be GZIP compressed


This is cutadapt 5.1 with Python 3.12.10
Command line parameters: -j 8 -e 0.1 -q 20 -O 5 -a CTGTCTCTTATA /beegfs/scratch/ric.sessa/kubacki.michal/SRF_Eva/90-1222471453/00_fastq/TES-3_R1_001.fastq.gz
Processing single-end reads on 8 cores ...

=== Summary ===

Total reads processed:              69,142,383
Reads with adapters:                53,397,782 (77.2%)
Reads written (passing filters):    69,142,383 (100.0%)

Total basepairs processed: 10,371,357,450 bp
Quality-trimmed:              88,840,652 bp (0.9%)
Total written (filtered):  6,830,929,699 bp (65.9%)

=== Adapter 1 ===

Sequence: CTGTCTCTTATA; Type: regular 3'; Length: 12; Trimmed: 53397782 times

Minimum overlap: 5
No. of allowed errors:
1-9 bp: 0; 10-12 bp: 1

Bases preceding removed adapters:
  A: 8.5%
  C: 47.9%
  G: 26.8%
  T: 16.8%
  none/other: 0.0%

Overview of removed sequences
length	count	expect	max.err	error counts
5	224680	67521.9	0	224680
6	212065	16880.5	0	212065
7	195081	4220.1	0	195081
8	204250	1055.0	0	204250
9	231371	263.8	0	230369 1002
10	245356	65.9	1	241639 3717
11	267147	16.5	1	260825 6322
12	266702	4.1	1	263635 3067
13	283899	4.1	1	277694 6205
14	277774	4.1	1	273494 4280
15	277513	4.1	1	271048 6465
16	257516	4.1	1	252584 4932
17	225612	4.1	1	221855 3757
18	218148	4.1	1	213399 4749
19	217871	4.1	1	212332 5539
20	239177	4.1	1	234733 4444
21	298743	4.1	1	289408 9335
22	311870	4.1	1	306992 4878
23	349657	4.1	1	343957 5700
24	357956	4.1	1	352994 4962
25	346811	4.1	1	340938 5873
26	346981	4.1	1	340588 6393
27	313643	4.1	1	302890 10753
28	314559	4.1	1	303660 10899
29	222872	4.1	1	218243 4629
30	262349	4.1	1	257578 4771
31	322945	4.1	1	316803 6142
32	368826	4.1	1	361367 7459
33	429666	4.1	1	422195 7471
34	445616	4.1	1	435963 9653
35	439406	4.1	1	432004 7402
36	433707	4.1	1	426695 7012
37	366015	4.1	1	360027 5988
38	325410	4.1	1	320248 5162
39	307954	4.1	1	302977 4977
40	323403	4.1	1	314715 8688
41	355549	4.1	1	350375 5174
42	451355	4.1	1	440216 11139
43	508930	4.1	1	498132 10798
44	883065	4.1	1	852598 30467
45	686294	4.1	1	672551 13743
46	956865	4.1	1	937850 19015
47	305028	4.1	1	299573 5455
48	1129635	4.1	1	1112032 17603
49	1246679	4.1	1	1233272 13407
50	331778	4.1	1	327724 4054
51	767212	4.1	1	761100 6112
52	424429	4.1	1	420090 4339
53	376718	4.1	1	373519 3199
54	960764	4.1	1	954208 6556
55	148880	4.1	1	146256 2624
56	699526	4.1	1	694580 4946
57	499360	4.1	1	495978 3382
58	355587	4.1	1	351587 4000
59	732941	4.1	1	727584 5357
60	478556	4.1	1	475315 3241
61	802960	4.1	1	797947 5013
62	89791	4.1	1	88013 1778
63	420024	4.1	1	417101 2923
64	543400	4.1	1	538113 5287
65	1661231	4.1	1	1650884 10347
66	145883	4.1	1	142787 3096
67	149627	4.1	1	147608 2019
68	459618	4.1	1	456351 3267
69	469390	4.1	1	466293 3097
70	499517	4.1	1	496529 2988
71	452523	4.1	1	450070 2453
72	233299	4.1	1	231404 1895
73	210617	4.1	1	207881 2736
74	603811	4.1	1	598434 5377
75	871167	4.1	1	863128 8039
76	1036792	4.1	1	1027449 9343
77	959698	4.1	1	951312 8386
78	801734	4.1	1	795467 6267
79	644310	4.1	1	638962 5348
80	499949	4.1	1	495462 4487
81	487745	4.1	1	483700 4045
82	482748	4.1	1	478412 4336
83	612759	4.1	1	607417 5342
84	847297	4.1	1	840362 6935
85	1079128	4.1	1	1070304 8824
86	1319231	4.1	1	1309424 9807
87	1214375	4.1	1	1204373 10002
88	1000299	4.1	1	992314 7985
89	741565	4.1	1	734553 7012
90	553692	4.1	1	548300 5392
91	467154	4.1	1	462415 4739
92	441712	4.1	1	437264 4448
93	520804	4.1	1	514787 6017
94	726135	4.1	1	717819 8316
95	918978	4.1	1	910258 8720
96	1107908	4.1	1	1095146 12762
97	1108374	4.1	1	1098814 9560
98	900935	4.1	1	893404 7531
99	660187	4.1	1	654951 5236
100	442882	4.1	1	438682 4200
101	309837	4.1	1	307284 2553
102	259751	4.1	1	257390 2361
103	273822	4.1	1	271698 2124
104	340901	4.1	1	337871 3030
105	377652	4.1	1	372170 5482
106	385967	4.1	1	382786 3181
107	344088	4.1	1	339142 4946
108	272649	4.1	1	269969 2680
109	200327	4.1	1	197662 2665
110	139432	4.1	1	138017 1415
111	78821	4.1	1	77805 1016
112	45290	4.1	1	44672 618
113	35548	4.1	1	35035 513
114	31835	4.1	1	31339 496
115	20355	4.1	1	19825 530
116	12898	4.1	1	12525 373
117	10217	4.1	1	9519 698
118	6675	4.1	1	6351 324
119	3941	4.1	1	3585 356
120	2719	4.1	1	2502 217
121	2127	4.1	1	1878 249
122	1182	4.1	1	795 387
123	683	4.1	1	436 247
124	2676	4.1	1	299 2377
125	730	4.1	1	140 590
126	529	4.1	1	272 257
127	716	4.1	1	88 628
128	315	4.1	1	75 240
129	571	4.1	1	79 492
130	301	4.1	1	83 218
131	288	4.1	1	87 201
132	528	4.1	1	31 497
133	200	4.1	1	29 171
134	1499	4.1	1	45 1454
135	240	4.1	1	24 216
136	283	4.1	1	45 238
137	743	4.1	1	13 730
138	228	4.1	1	16 212
139	167	4.1	1	14 153
140	282	4.1	1	15 267
141	233	4.1	1	21 212
142	854	4.1	1	23 831
143	136	4.1	1	5 131
144	85	4.1	1	2 83
145	105	4.1	1	8 97
146	124	4.1	1	8 116
147	804	4.1	1	18 786
148	170	4.1	1	6 164
149	241	4.1	1	45 196
150	7066	4.1	1	6527 539

RUN STATISTICS FOR INPUT FILE: /beegfs/scratch/ric.sessa/kubacki.michal/SRF_Eva/90-1222471453/00_fastq/TES-3_R1_001.fastq.gz
=============================================
69142383 sequences processed in total

