
SUMMARISING RUN PARAMETERS
==========================
Input filename: /beegfs/scratch/ric.sessa/kubacki.michal/SRF_Eva/90-1222471453/00_fastq/TESmut-3_R2_001.fastq.gz
Trimming mode: paired-end
Trim Galore version: 0.6.10
Cutadapt version: 5.1
Python version: 3.12.10
Number of cores used for trimming: 8
Quality Phred score cutoff: 20
Quality encoding type selected: ASCII+33
Using Nextera adapter for trimming (count: 811088). Second best hit was smallRNA (count: 11)
Adapter sequence: 'CTGTCTCTTATA' (Nextera Transposase sequence; auto-detected)
Maximum trimming error rate: 0.1 (default)
Minimum required adapter overlap (stringency): 5 bp
Minimum required sequence length for both reads before a sequence pair gets removed: 20 bp
Running FastQC on the data once trimming has completed
Output file will be GZIP compressed


This is cutadapt 5.1 with Python 3.12.10
Command line parameters: -j 8 -e 0.1 -q 20 -O 5 -a CTGTCTCTTATA /beegfs/scratch/ric.sessa/kubacki.michal/SRF_Eva/90-1222471453/00_fastq/TESmut-3_R2_001.fastq.gz
Processing single-end reads on 8 cores ...

=== Summary ===

Total reads processed:              91,417,874
Reads with adapters:                74,648,927 (81.7%)
Reads written (passing filters):    91,417,874 (100.0%)

Total basepairs processed: 13,712,681,100 bp
Quality-trimmed:              26,281,789 bp (0.2%)
Total written (filtered):  8,092,096,468 bp (59.0%)

=== Adapter 1 ===

Sequence: CTGTCTCTTATA; Type: regular 3'; Length: 12; Trimmed: 74648927 times

Minimum overlap: 5
No. of allowed errors:
1-9 bp: 0; 10-12 bp: 1

Bases preceding removed adapters:
  A: 7.8%
  C: 48.1%
  G: 25.3%
  T: 18.7%
  none/other: 0.2%

Overview of removed sequences
length	count	expect	max.err	error counts
5	188024	89275.3	0	188024
6	208351	22318.8	0	208351
7	177430	5579.7	0	177430
8	221593	1394.9	0	221593
9	225298	348.7	0	224681 617
10	277696	87.2	1	275100 2596
11	285355	21.8	1	280912 4443
12	236243	5.4	1	230513 5730
13	243003	5.4	1	238929 4074
14	237107	5.4	1	234532 2575
15	221396	5.4	1	218710 2686
16	238801	5.4	1	235989 2812
17	198017	5.4	1	195214 2803
18	195876	5.4	1	192841 3035
19	206432	5.4	1	203030 3402
20	214419	5.4	1	211731 2688
21	278449	5.4	1	275049 3400
22	270941	5.4	1	267281 3660
23	296556	5.4	1	293557 2999
24	304665	5.4	1	300840 3825
25	285495	5.4	1	281318 4177
26	318276	5.4	1	313360 4916
27	250641	5.4	1	247134 3507
28	226695	5.4	1	221337 5358
29	233253	5.4	1	228857 4396
30	233827	5.4	1	229478 4349
31	324540	5.4	1	319568 4972
32	317677	5.4	1	314121 3556
33	354447	5.4	1	350372 4075
34	391223	5.4	1	385740 5483
35	363993	5.4	1	360045 3948
36	413269	5.4	1	408816 4453
37	319775	5.4	1	315537 4238
38	285687	5.4	1	281908 3779
39	289957	5.4	1	286322 3635
40	272489	5.4	1	268379 4110
41	391859	5.4	1	386757 5102
42	373259	5.4	1	368278 4981
43	437187	5.4	1	431303 5884
44	497057	5.4	1	490002 7055
45	492336	5.4	1	485587 6749
46	579199	5.4	1	571837 7362
47	420494	5.4	1	413696 6798
48	365623	5.4	1	360018 5605
49	362083	5.4	1	356760 5323
50	340043	5.4	1	333514 6529
51	474670	5.4	1	468478 6192
52	434484	5.4	1	427684 6800
53	571637	5.4	1	563608 8029
54	567172	5.4	1	560056 7116
55	622292	5.4	1	614812 7480
56	806977	5.4	1	797051 9926
57	570760	5.4	1	563583 7177
58	489543	5.4	1	483206 6337
59	471985	5.4	1	465398 6587
60	390393	5.4	1	384953 5440
61	586217	5.4	1	578974 7243
62	518994	5.4	1	510985 8009
63	655348	5.4	1	644579 10769
64	846604	5.4	1	834109 12495
65	917866	5.4	1	905691 12175
66	1176129	5.4	1	1165141 10988
67	1035151	5.4	1	1027787 7364
68	314216	5.4	1	310648 3568
69	601187	5.4	1	595948 5239
70	473783	5.4	1	469152 4631
71	729513	5.4	1	721583 7930
72	579812	5.4	1	574544 5268
73	749698	5.4	1	743646 6052
74	1009195	5.4	1	1001506 7689
75	1116407	5.4	1	1107438 8969
76	1630342	5.4	1	1618327 12015
77	1196963	5.4	1	1185099 11864
78	1024121	5.4	1	1014361 9760
79	884935	5.4	1	877007 7928
80	636404	5.4	1	628018 8386
81	960688	5.4	1	952423 8265
82	688213	5.4	1	681198 7015
83	906051	5.4	1	897626 8425
84	1307102	5.4	1	1296370 10732
85	1550384	5.4	1	1536295 14089
86	2407705	5.4	1	2387797 19908
87	1828660	5.4	1	1813654 15006
88	1589803	5.4	1	1577972 11831
89	1279204	5.4	1	1268418 10786
90	893128	5.4	1	886115 7013
91	1244966	5.4	1	1234267 10699
92	809410	5.4	1	802982 6428
93	1006185	5.4	1	997566 8619
94	1473885	5.4	1	1463587 10298
95	1765350	5.4	1	1750028 15322
96	2671724	5.4	1	2653301 18423
97	2243236	5.4	1	2226742 16494
98	1920267	5.4	1	1909887 10380
99	1502541	5.4	1	1493455 9086
100	984999	5.4	1	979358 5641
101	900020	5.4	1	894253 5767
102	619026	5.4	1	613611 5415
103	689114	5.4	1	683117 5997
104	924975	5.4	1	918264 6711
105	1044823	5.4	1	1037213 7610
106	1207146	5.4	1	1199304 7842
107	1069013	5.4	1	1061799 7214
108	881467	5.4	1	874250 7217
109	679847	5.4	1	675244 4603
110	479547	5.4	1	475354 4193
111	288678	5.4	1	286363 2315
112	166600	5.4	1	165176 1424
113	135619	5.4	1	134378 1241
114	133882	5.4	1	132618 1264
115	91600	5.4	1	90734 866
116	64875	5.4	1	64198 677
117	50246	5.4	1	49195 1051
118	37322	5.4	1	36775 547
119	23569	5.4	1	23052 517
120	18439	5.4	1	18116 323
121	15138	5.4	1	14813 325
122	5965	5.4	1	5537 428
123	2532	5.4	1	2306 226
124	4350	5.4	1	1641 2709
125	1213	5.4	1	522 691
126	1506	5.4	1	1289 217
127	1109	5.4	1	309 800
128	452	5.4	1	305 147
129	914	5.4	1	327 587
130	418	5.4	1	261 157
131	796	5.4	1	645 151
132	584	5.4	1	144 440
133	288	5.4	1	114 174
134	1828	5.4	1	150 1678
135	338	5.4	1	70 268
136	388	5.4	1	139 249
137	937	5.4	1	52 885
138	212	5.4	1	29 183
139	151	5.4	1	47 104
140	233	5.4	1	46 187
141	263	5.4	1	98 165
142	989	5.4	1	67 922
143	114	5.4	1	24 90
144	110	5.4	1	38 72
145	66	5.4	1	22 44
146	128	5.4	1	55 73
147	1132	5.4	1	73 1059
148	260	5.4	1	49 211
149	1089	5.4	1	782 307
150	117281	5.4	1	113004 4277

RUN STATISTICS FOR INPUT FILE: /beegfs/scratch/ric.sessa/kubacki.michal/SRF_Eva/90-1222471453/00_fastq/TESmut-3_R2_001.fastq.gz
=============================================
91417874 sequences processed in total

Total number of sequences analysed for the sequence pair length validation: 91417874

Number of sequence pairs removed because at least one read was shorter than the length cutoff (20 bp): 195500 (0.21%)
