
SUMMARISING RUN PARAMETERS
==========================
Input filename: /beegfs/scratch/ric.sessa/kubacki.michal/SRF_Eva/90-1222471453/00_fastq/TESmut-1_R1_001.fastq.gz
Trimming mode: paired-end
Trim Galore version: 0.6.10
Cutadapt version: 5.1
Python version: 3.12.10
Number of cores used for trimming: 8
Quality Phred score cutoff: 20
Quality encoding type selected: ASCII+33
Using Nextera adapter for trimming (count: 718123). Second best hit was smallRNA (count: 3)
Adapter sequence: 'CTGTCTCTTATA' (Nextera Transposase sequence; auto-detected)
Maximum trimming error rate: 0.1 (default)
Minimum required adapter overlap (stringency): 5 bp
Minimum required sequence length for both reads before a sequence pair gets removed: 20 bp
Running FastQC on the data once trimming has completed
Output file will be GZIP compressed


This is cutadapt 5.1 with Python 3.12.10
Command line parameters: -j 8 -e 0.1 -q 20 -O 5 -a CTGTCTCTTATA /beegfs/scratch/ric.sessa/kubacki.michal/SRF_Eva/90-1222471453/00_fastq/TESmut-1_R1_001.fastq.gz
Processing single-end reads on 8 cores ...

=== Summary ===

Total reads processed:              68,515,115
Reads with adapters:                50,210,134 (73.3%)
Reads written (passing filters):    68,515,115 (100.0%)

Total basepairs processed: 10,277,267,250 bp
Quality-trimmed:              84,352,040 bp (0.8%)
Total written (filtered):  7,040,796,386 bp (68.5%)

=== Adapter 1 ===

Sequence: CTGTCTCTTATA; Type: regular 3'; Length: 12; Trimmed: 50210134 times

Minimum overlap: 5
No. of allowed errors:
1-9 bp: 0; 10-12 bp: 1

Bases preceding removed adapters:
  A: 8.0%
  C: 48.1%
  G: 25.8%
  T: 18.0%
  none/other: 0.1%

Overview of removed sequences
length	count	expect	max.err	error counts
5	231818	66909.3	0	231818
6	244730	16727.3	0	244730
7	218854	4181.8	0	218854
8	259992	1045.5	0	259992
9	267887	261.4	0	267157 730
10	320963	65.3	1	316812 4151
11	336573	16.3	1	329679 6894
12	284562	4.1	1	281619 2943
13	296158	4.1	1	290214 5944
14	283963	4.1	1	279933 4030
15	270285	4.1	1	264555 5730
16	279450	4.1	1	274621 4829
17	231901	4.1	1	228129 3772
18	228809	4.1	1	224148 4661
19	236535	4.1	1	230910 5625
20	247996	4.1	1	243732 4264
21	333611	4.1	1	324708 8903
22	313620	4.1	1	308907 4713
23	344571	4.1	1	339422 5149
24	345134	4.1	1	340701 4433
25	320500	4.1	1	315153 5347
26	358246	4.1	1	352402 5844
27	288319	4.1	1	281014 7305
28	251978	4.1	1	247639 4339
29	271765	4.1	1	263497 8268
30	264571	4.1	1	259406 5165
31	360410	4.1	1	353598 6812
32	357508	4.1	1	350751 6757
33	400087	4.1	1	393751 6336
34	419377	4.1	1	411567 7810
35	401195	4.1	1	393038 8157
36	449099	4.1	1	441927 7172
37	343858	4.1	1	337965 5893
38	309920	4.1	1	303700 6220
39	309640	4.1	1	304215 5425
40	290294	4.1	1	284434 5860
41	408352	4.1	1	402118 6234
42	425858	4.1	1	415525 10333
43	476773	4.1	1	465736 11037
44	841706	4.1	1	810513 31193
45	602170	4.1	1	588736 13434
46	930727	4.1	1	913466 17261
47	216287	4.1	1	211206 5081
48	865947	4.1	1	849116 16831
49	1338325	4.1	1	1322479 15846
50	356213	4.1	1	351383 4830
51	872069	4.1	1	865478 6591
52	476960	4.1	1	472139 4821
53	363292	4.1	1	360292 3000
54	947594	4.1	1	941271 6323
55	109786	4.1	1	107484 2302
56	747954	4.1	1	743020 4934
57	391917	4.1	1	389273 2644
58	318016	4.1	1	314433 3583
59	874367	4.1	1	868847 5520
60	420792	4.1	1	417866 2926
61	941914	4.1	1	936251 5663
62	87541	4.1	1	85800 1741
63	366390	4.1	1	363902 2488
64	499318	4.1	1	494273 5045
65	1574592	4.1	1	1565475 9117
66	129854	4.1	1	126799 3055
67	85750	4.1	1	84017 1733
68	385872	4.1	1	383099 2773
69	438406	4.1	1	435696 2710
70	444050	4.1	1	441442 2608
71	481646	4.1	1	479049 2597
72	203714	4.1	1	202099 1615
73	186233	4.1	1	183768 2465
74	598624	4.1	1	593287 5337
75	795800	4.1	1	788655 7145
76	1103302	4.1	1	1093938 9364
77	859195	4.1	1	851696 7499
78	712000	4.1	1	706500 5500
79	600296	4.1	1	595372 4924
80	424781	4.1	1	421160 3621
81	542700	4.1	1	538341 4359
82	428591	4.1	1	424870 3721
83	556024	4.1	1	551192 4832
84	798047	4.1	1	791817 6230
85	967905	4.1	1	960077 7828
86	1267208	4.1	1	1257838 9370
87	1069806	4.1	1	1060855 8951
88	863282	4.1	1	856442 6840
89	638531	4.1	1	632552 5979
90	443226	4.1	1	439070 4156
91	402706	4.1	1	398736 3970
92	352003	4.1	1	348437 3566
93	421662	4.1	1	416946 4716
94	613314	4.1	1	606383 6931
95	803173	4.1	1	795633 7540
96	988107	4.1	1	976706 11401
97	977035	4.1	1	968790 8245
98	787494	4.1	1	780647 6847
99	556420	4.1	1	551858 4562
100	356020	4.1	1	352644 3376
101	238602	4.1	1	236637 1965
102	183208	4.1	1	181570 1638
103	198558	4.1	1	197042 1516
104	258246	4.1	1	255913 2333
105	305083	4.1	1	300560 4523
106	327229	4.1	1	324360 2869
107	289773	4.1	1	285482 4291
108	228026	4.1	1	225719 2307
109	162700	4.1	1	160535 2165
110	104562	4.1	1	103489 1073
111	55432	4.1	1	54728 704
112	27550	4.1	1	27168 382
113	21019	4.1	1	20714 305
114	19258	4.1	1	18886 372
115	12973	4.1	1	12726 247
116	10037	4.1	1	9813 224
117	6749	4.1	1	6261 488
118	4800	4.1	1	4625 175
119	3131	4.1	1	2843 288
120	1758	4.1	1	1644 114
121	2166	4.1	1	1998 168
122	954	4.1	1	696 258
123	655	4.1	1	521 134
124	2425	4.1	1	462 1963
125	773	4.1	1	252 521
126	774	4.1	1	533 241
127	642	4.1	1	157 485
128	253	4.1	1	135 118
129	578	4.1	1	135 443
130	244	4.1	1	130 114
131	398	4.1	1	237 161
132	418	4.1	1	61 357
133	165	4.1	1	78 87
134	1183	4.1	1	64 1119
135	203	4.1	1	48 155
136	246	4.1	1	83 163
137	659	4.1	1	41 618
138	115	4.1	1	31 84
139	117	4.1	1	16 101
140	165	4.1	1	24 141
141	226	4.1	1	49 177
142	677	4.1	1	33 644
143	67	4.1	1	6 61
144	59	4.1	1	16 43
145	93	4.1	1	10 83
146	113	4.1	1	17 96
147	763	4.1	1	48 715
148	186	4.1	1	15 171
149	282	4.1	1	100 182
150	24025	4.1	1	22320 1705

RUN STATISTICS FOR INPUT FILE: /beegfs/scratch/ric.sessa/kubacki.michal/SRF_Eva/90-1222471453/00_fastq/TESmut-1_R1_001.fastq.gz
=============================================
68515115 sequences processed in total

