
SUMMARISING RUN PARAMETERS
==========================
Input filename: /beegfs/scratch/ric.sessa/kubacki.michal/SRF_Eva/90-1222471453/00_fastq/TESmut-1_R2_001.fastq.gz
Trimming mode: paired-end
Trim Galore version: 0.6.10
Cutadapt version: 5.1
Python version: 3.12.10
Number of cores used for trimming: 8
Quality Phred score cutoff: 20
Quality encoding type selected: ASCII+33
Using Nextera adapter for trimming (count: 718123). Second best hit was smallRNA (count: 3)
Adapter sequence: 'CTGTCTCTTATA' (Nextera Transposase sequence; auto-detected)
Maximum trimming error rate: 0.1 (default)
Minimum required adapter overlap (stringency): 5 bp
Minimum required sequence length for both reads before a sequence pair gets removed: 20 bp
Running FastQC on the data once trimming has completed
Output file will be GZIP compressed


This is cutadapt 5.1 with Python 3.12.10
Command line parameters: -j 8 -e 0.1 -q 20 -O 5 -a CTGTCTCTTATA /beegfs/scratch/ric.sessa/kubacki.michal/SRF_Eva/90-1222471453/00_fastq/TESmut-1_R2_001.fastq.gz
Processing single-end reads on 8 cores ...

=== Summary ===

Total reads processed:              68,515,115
Reads with adapters:                50,192,513 (73.3%)
Reads written (passing filters):    68,515,115 (100.0%)

Total basepairs processed: 10,277,267,250 bp
Quality-trimmed:              17,747,066 bp (0.2%)
Total written (filtered):  7,043,044,401 bp (68.5%)

=== Adapter 1 ===

Sequence: CTGTCTCTTATA; Type: regular 3'; Length: 12; Trimmed: 50192513 times

Minimum overlap: 5
No. of allowed errors:
1-9 bp: 0; 10-12 bp: 1

Bases preceding removed adapters:
  A: 8.1%
  C: 48.0%
  G: 25.8%
  T: 18.1%
  none/other: 0.0%

Overview of removed sequences
length	count	expect	max.err	error counts
5	230953	66909.3	0	230953
6	249219	16727.3	0	249219
7	212822	4181.8	0	212822
8	258295	1045.5	0	258295
9	264203	261.4	0	263546 657
10	323376	65.3	1	320605 2771
11	334200	16.3	1	329682 4518
12	287215	4.1	1	280933 6282
13	291601	4.1	1	287091 4510
14	285296	4.1	1	282443 2853
15	264859	4.1	1	262134 2725
16	278563	4.1	1	275743 2820
17	231755	4.1	1	228880 2875
18	227119	4.1	1	223997 3122
19	235847	4.1	1	232715 3132
20	248682	4.1	1	246003 2679
21	321230	4.1	1	317985 3245
22	315787	4.1	1	312358 3429
23	343436	4.1	1	340527 2909
24	348706	4.1	1	344876 3830
25	324067	4.1	1	319926 4141
26	354571	4.1	1	350108 4463
27	280577	4.1	1	277132 3445
28	250963	4.1	1	245950 5013
29	257109	4.1	1	252883 4226
30	261202	4.1	1	257063 4139
31	351844	4.1	1	347451 4393
32	350586	4.1	1	347363 3223
33	390221	4.1	1	386388 3833
34	424641	4.1	1	419489 5152
35	394041	4.1	1	390241 3800
36	437474	4.1	1	433211 4263
37	339950	4.1	1	336223 3727
38	298501	4.1	1	295002 3499
39	302284	4.1	1	298914 3370
40	282946	4.1	1	279136 3810
41	400389	4.1	1	395874 4515
42	387291	4.1	1	382710 4581
43	456105	4.1	1	450993 5112
44	504100	4.1	1	498168 5932
45	504413	4.1	1	498408 6005
46	573648	4.1	1	567109 6539
47	420295	4.1	1	414397 5898
48	356108	4.1	1	351417 4691
49	354034	4.1	1	349630 4404
50	322426	4.1	1	317536 4890
51	457193	4.1	1	451615 5578
52	423223	4.1	1	417495 5728
53	534642	4.1	1	527758 6884
54	574303	4.1	1	567825 6478
55	597855	4.1	1	591346 6509
56	752961	4.1	1	744659 8302
57	532219	4.1	1	526179 6040
58	453055	4.1	1	447907 5148
59	430105	4.1	1	424883 5222
60	351933	4.1	1	347654 4279
61	524020	4.1	1	518484 5536
62	463546	4.1	1	457544 6002
63	586428	4.1	1	578023 8405
64	749800	4.1	1	740206 9594
65	810559	4.1	1	801010 9549
66	1009779	4.1	1	1001128 8651
67	894238	4.1	1	888666 5572
68	255553	4.1	1	252900 2653
69	498962	4.1	1	495041 3921
70	390049	4.1	1	386467 3582
71	577593	4.1	1	571996 5597
72	470027	4.1	1	466159 3868
73	598341	4.1	1	594012 4329
74	804435	4.1	1	798679 5756
75	883157	4.1	1	876741 6416
76	1197707	4.1	1	1189213 8494
77	900934	4.1	1	892508 8426
78	737631	4.1	1	731235 6396
79	616709	4.1	1	611632 5077
80	433946	4.1	1	428681 5265
81	558867	4.1	1	554441 4426
82	438258	4.1	1	434167 4091
83	564673	4.1	1	559870 4803
84	812700	4.1	1	806496 6204
85	988243	4.1	1	979775 8468
86	1288046	4.1	1	1278014 10032
87	1081212	4.1	1	1072920 8292
88	876206	4.1	1	869972 6234
89	647423	4.1	1	642215 5208
90	449005	4.1	1	445588 3417
91	408834	4.1	1	405443 3391
92	357478	4.1	1	354697 2781
93	425795	4.1	1	422382 3413
94	619791	4.1	1	615486 4305
95	811837	4.1	1	805026 6811
96	997329	4.1	1	990101 7228
97	987393	4.1	1	980043 7350
98	795967	4.1	1	791693 4274
99	561964	4.1	1	558360 3604
100	360159	4.1	1	357932 2227
101	240800	4.1	1	239034 1766
102	185066	4.1	1	183360 1706
103	200621	4.1	1	198660 1961
104	260365	4.1	1	258250 2115
105	307660	4.1	1	305227 2433
106	329609	4.1	1	327130 2479
107	291935	4.1	1	289444 2491
108	229410	4.1	1	227271 2139
109	163856	4.1	1	162459 1397
110	105156	4.1	1	104018 1138
111	55840	4.1	1	55220 620
112	27724	4.1	1	27375 349
113	21125	4.1	1	20811 314
114	19393	4.1	1	19048 345
115	13047	4.1	1	12821 226
116	10094	4.1	1	9881 213
117	6805	4.1	1	6286 519
118	4835	4.1	1	4660 175
119	3089	4.1	1	2830 259
120	1765	4.1	1	1647 118
121	2159	4.1	1	2018 141
122	963	4.1	1	699 264
123	629	4.1	1	529 100
124	2482	4.1	1	478 2004
125	679	4.1	1	254 425
126	690	4.1	1	532 158
127	678	4.1	1	158 520
128	237	4.1	1	138 99
129	563	4.1	1	135 428
130	197	4.1	1	103 94
131	352	4.1	1	237 115
132	386	4.1	1	56 330
133	141	4.1	1	75 66
134	1279	4.1	1	65 1214
135	236	4.1	1	53 183
136	232	4.1	1	88 144
137	711	4.1	1	48 663
138	129	4.1	1	23 106
139	88	4.1	1	14 74
140	167	4.1	1	21 146
141	181	4.1	1	49 132
142	676	4.1	1	31 645
143	90	4.1	1	5 85
144	66	4.1	1	20 46
145	24	4.1	1	2 22
146	85	4.1	1	8 77
147	820	4.1	1	42 778
148	135	4.1	1	11 124
149	319	4.1	1	142 177
150	23891	4.1	1	22887 1004

RUN STATISTICS FOR INPUT FILE: /beegfs/scratch/ric.sessa/kubacki.michal/SRF_Eva/90-1222471453/00_fastq/TESmut-1_R2_001.fastq.gz
=============================================
68515115 sequences processed in total

Total number of sequences analysed for the sequence pair length validation: 68515115

Number of sequence pairs removed because at least one read was shorter than the length cutoff (20 bp): 78476 (0.11%)
