
SUMMARISING RUN PARAMETERS
==========================
Input filename: /beegfs/scratch/ric.sessa/kubacki.michal/SRF_Eva/90-1222471453/00_fastq/TESmut-2_R1_001.fastq.gz
Trimming mode: paired-end
Trim Galore version: 0.6.10
Cutadapt version: 5.1
Python version: 3.12.10
Number of cores used for trimming: 8
Quality Phred score cutoff: 20
Quality encoding type selected: ASCII+33
Using Nextera adapter for trimming (count: 720084). Second best hit was smallRNA (count: 4)
Adapter sequence: 'CTGTCTCTTATA' (Nextera Transposase sequence; auto-detected)
Maximum trimming error rate: 0.1 (default)
Minimum required adapter overlap (stringency): 5 bp
Minimum required sequence length for both reads before a sequence pair gets removed: 20 bp
Running FastQC on the data once trimming has completed
Output file will be GZIP compressed


This is cutadapt 5.1 with Python 3.12.10
Command line parameters: -j 8 -e 0.1 -q 20 -O 5 -a CTGTCTCTTATA /beegfs/scratch/ric.sessa/kubacki.michal/SRF_Eva/90-1222471453/00_fastq/TESmut-2_R1_001.fastq.gz
Processing single-end reads on 8 cores ...

=== Summary ===

Total reads processed:              66,652,695
Reads with adapters:                48,649,069 (73.0%)
Reads written (passing filters):    66,652,695 (100.0%)

Total basepairs processed: 9,997,904,250 bp
Quality-trimmed:             128,499,653 bp (1.3%)
Total written (filtered):  6,772,506,108 bp (67.7%)

=== Adapter 1 ===

Sequence: CTGTCTCTTATA; Type: regular 3'; Length: 12; Trimmed: 48649069 times

Minimum overlap: 5
No. of allowed errors:
1-9 bp: 0; 10-12 bp: 1

Bases preceding removed adapters:
  A: 8.1%
  C: 47.8%
  G: 25.2%
  T: 19.0%
  none/other: 0.0%

Overview of removed sequences
length	count	expect	max.err	error counts
5	199047	65090.5	0	199047
6	220875	16272.6	0	220875
7	195450	4068.2	0	195450
8	239970	1017.0	0	239970
9	242962	254.3	0	242439 523
10	287968	63.6	1	284339 3629
11	304872	15.9	1	298922 5950
12	238726	4.0	1	236379 2347
13	251717	4.0	1	246784 4933
14	245627	4.0	1	242216 3411
15	230370	4.0	1	225866 4504
16	253311	4.0	1	249126 4185
17	207750	4.0	1	204432 3318
18	206344	4.0	1	202366 3978
19	218884	4.0	1	213933 4951
20	217522	4.0	1	213934 3588
21	294534	4.0	1	287099 7435
22	266477	4.0	1	262575 3902
23	293644	4.0	1	289364 4280
24	301316	4.0	1	297540 3776
25	279837	4.0	1	275146 4691
26	322908	4.0	1	317560 5348
27	260546	4.0	1	253959 6587
28	232018	4.0	1	228026 3992
29	251596	4.0	1	244253 7343
30	237320	4.0	1	232810 4510
31	328820	4.0	1	322465 6355
32	308399	4.0	1	302534 5865
33	365193	4.0	1	358108 7085
34	353642	4.0	1	347574 6068
35	346112	4.0	1	340655 5457
36	410462	4.0	1	404549 5913
37	311779	4.0	1	306465 5314
38	282161	4.0	1	277607 4554
39	287551	4.0	1	283031 4520
40	269968	4.0	1	263918 6050
41	385525	4.0	1	379515 6010
42	395840	4.0	1	384177 11663
43	427782	4.0	1	418167 9615
44	855838	4.0	1	825244 30594
45	578582	4.0	1	565506 13076
46	940428	4.0	1	922553 17875
47	222746	4.0	1	217627 5119
48	1596690	4.0	1	1575448 21242
49	3211096	4.0	1	3191812 19284
50	519518	4.0	1	513385 6133
51	953447	4.0	1	948899 4548
52	449890	4.0	1	446220 3670
53	249566	4.0	1	247631 1935
54	644067	4.0	1	640709 3358
55	23645	4.0	1	22513 1132
56	439028	4.0	1	436255 2773
57	145381	4.0	1	143912 1469
58	196984	4.0	1	194498 2486
59	771578	4.0	1	767565 4013
60	154897	4.0	1	153184 1713
61	492489	4.0	1	488864 3625
62	142521	4.0	1	141031 1490
63	138735	4.0	1	136959 1776
64	318411	4.0	1	315047 3364
65	736886	4.0	1	730852 6034
66	415721	4.0	1	411972 3749
67	24095	4.0	1	22597 1498
68	128004	4.0	1	126475 1529
69	266077	4.0	1	264224 1853
70	266365	4.0	1	264466 1899
71	312876	4.0	1	310844 2032
72	143377	4.0	1	142094 1283
73	98673	4.0	1	96913 1760
74	482170	4.0	1	478036 4134
75	688042	4.0	1	682182 5860
76	1080805	4.0	1	1072010 8795
77	803197	4.0	1	796787 6410
78	702871	4.0	1	697786 5085
79	618995	4.0	1	614593 4402
80	453581	4.0	1	449986 3595
81	665402	4.0	1	660453 4949
82	463471	4.0	1	459791 3680
83	578681	4.0	1	574222 4459
84	806958	4.0	1	801058 5900
85	921809	4.0	1	914844 6965
86	1373664	4.0	1	1364558 9106
87	1048202	4.0	1	1040282 7920
88	880377	4.0	1	874284 6093
89	703582	4.0	1	697632 5950
90	488203	4.0	1	483849 4354
91	566605	4.0	1	561741 4864
92	407529	4.0	1	403812 3717
93	470589	4.0	1	465901 4688
94	648453	4.0	1	642070 6383
95	793639	4.0	1	786833 6806
96	1034187	4.0	1	1023357 10830
97	967671	4.0	1	960076 7595
98	797679	4.0	1	791544 6135
99	590799	4.0	1	586510 4289
100	389707	4.0	1	386266 3441
101	290457	4.0	1	288417 2040
102	230776	4.0	1	229023 1753
103	242344	4.0	1	240757 1587
104	294614	4.0	1	292348 2266
105	332238	4.0	1	328057 4181
106	354873	4.0	1	352211 2662
107	309497	4.0	1	305528 3969
108	244326	4.0	1	242214 2112
109	176608	4.0	1	174620 1988
110	117357	4.0	1	116354 1003
111	66177	4.0	1	65452 725
112	35368	4.0	1	34930 438
113	26938	4.0	1	26585 353
114	22898	4.0	1	22507 391
115	14504	4.0	1	14250 254
116	11482	4.0	1	11166 316
117	7270	4.0	1	6925 345
118	5268	4.0	1	5095 173
119	3334	4.0	1	3094 240
120	2122	4.0	1	1976 146
121	2445	4.0	1	2295 150
122	978	4.0	1	780 198
123	622	4.0	1	518 104
124	1570	4.0	1	491 1079
125	468	4.0	1	184 284
126	706	4.0	1	541 165
127	450	4.0	1	131 319
128	284	4.0	1	142 142
129	458	4.0	1	165 293
130	239	4.0	1	114 125
131	425	4.0	1	278 147
132	350	4.0	1	75 275
133	207	4.0	1	78 129
134	634	4.0	1	72 562
135	144	4.0	1	34 110
136	222	4.0	1	99 123
137	423	4.0	1	37 386
138	124	4.0	1	21 103
139	121	4.0	1	25 96
140	168	4.0	1	17 151
141	186	4.0	1	53 133
142	590	4.0	1	18 572
143	83	4.0	1	2 81
144	38	4.0	1	6 32
145	48	4.0	1	5 43
146	66	4.0	1	6 60
147	542	4.0	1	28 514
148	105	4.0	1	3 102
149	106	4.0	1	31 75
150	8512	4.0	1	7833 679

RUN STATISTICS FOR INPUT FILE: /beegfs/scratch/ric.sessa/kubacki.michal/SRF_Eva/90-1222471453/00_fastq/TESmut-2_R1_001.fastq.gz
=============================================
66652695 sequences processed in total

