
SUMMARISING RUN PARAMETERS
==========================
Input filename: /beegfs/scratch/ric.sessa/kubacki.michal/SRF_Eva/90-1222471453/00_fastq/TESmut-3_R1_001.fastq.gz
Trimming mode: paired-end
Trim Galore version: 0.6.10
Cutadapt version: 5.1
Python version: 3.12.10
Number of cores used for trimming: 8
Quality Phred score cutoff: 20
Quality encoding type selected: ASCII+33
Using Nextera adapter for trimming (count: 811088). Second best hit was smallRNA (count: 11)
Adapter sequence: 'CTGTCTCTTATA' (Nextera Transposase sequence; auto-detected)
Maximum trimming error rate: 0.1 (default)
Minimum required adapter overlap (stringency): 5 bp
Minimum required sequence length for both reads before a sequence pair gets removed: 20 bp
Running FastQC on the data once trimming has completed
Output file will be GZIP compressed


This is cutadapt 5.1 with Python 3.12.10
Command line parameters: -j 8 -e 0.1 -q 20 -O 5 -a CTGTCTCTTATA /beegfs/scratch/ric.sessa/kubacki.michal/SRF_Eva/90-1222471453/00_fastq/TESmut-3_R1_001.fastq.gz
Processing single-end reads on 8 cores ...

=== Summary ===

Total reads processed:              91,417,874
Reads with adapters:                74,758,104 (81.8%)
Reads written (passing filters):    91,417,874 (100.0%)

Total basepairs processed: 13,712,681,100 bp
Quality-trimmed:             211,673,400 bp (1.5%)
Total written (filtered):  8,086,768,395 bp (59.0%)

=== Adapter 1 ===

Sequence: CTGTCTCTTATA; Type: regular 3'; Length: 12; Trimmed: 74758104 times

Minimum overlap: 5
No. of allowed errors:
1-9 bp: 0; 10-12 bp: 1

Bases preceding removed adapters:
  A: 7.7%
  C: 48.0%
  G: 25.4%
  T: 18.7%
  none/other: 0.2%

Overview of removed sequences
length	count	expect	max.err	error counts
5	188928	89275.3	0	188928
6	205527	22318.8	0	205527
7	183307	5579.7	0	183307
8	223930	1394.9	0	223930
9	228729	348.7	0	228078 651
10	276472	87.2	1	273379 3093
11	287511	21.8	1	282223 5288
12	234602	5.4	1	232402 2200
13	247504	5.4	1	243024 4480
14	236689	5.4	1	233617 3072
15	226656	5.4	1	222174 4482
16	240033	5.4	1	236187 3846
17	198666	5.4	1	195609 3057
18	197389	5.4	1	193665 3724
19	206983	5.4	1	202379 4604
20	214708	5.4	1	211057 3651
21	291286	5.4	1	283889 7397
22	270253	5.4	1	266401 3852
23	298453	5.4	1	294376 4077
24	302539	5.4	1	298786 3753
25	281297	5.4	1	277180 4117
26	323441	5.4	1	318476 4965
27	262331	5.4	1	255487 6844
28	232120	5.4	1	227727 4393
29	250667	5.4	1	242854 7813
30	242630	5.4	1	237640 4990
31	337052	5.4	1	330381 6671
32	333690	5.4	1	326634 7056
33	376345	5.4	1	369473 6872
34	390943	5.4	1	383659 7284
35	368325	5.4	1	362207 6118
36	423853	5.4	1	418363 5490
37	325387	5.4	1	319954 5433
38	292099	5.4	1	287589 4510
39	311795	5.4	1	304932 6863
40	293238	5.4	1	286280 6958
41	416971	5.4	1	409739 7232
42	445700	5.4	1	433495 12205
43	485419	5.4	1	473969 11450
44	964392	5.4	1	932008 32384
45	749645	5.4	1	735020 14625
46	1031813	5.4	1	1014402 17411
47	461580	5.4	1	451577 10003
48	3876237	5.4	1	3850002 26235
49	2325416	5.4	1	2305475 19941
50	1940943	5.4	1	1924836 16107
51	913125	5.4	1	906712 6413
52	1122163	5.4	1	1114908 7255
53	530028	5.4	1	526770 3258
54	301958	5.4	1	299951 2007
55	36567	5.4	1	35157 1410
56	191682	5.4	1	189752 1930
57	58131	5.4	1	57012 1119
58	172937	5.4	1	171127 1810
59	568066	5.4	1	565138 2928
60	130075	5.4	1	128541 1534
61	443779	5.4	1	440535 3244
62	211531	5.4	1	209813 1718
63	118528	5.4	1	116579 1949
64	443891	5.4	1	440568 3323
65	867011	5.4	1	861217 5794
66	833168	5.4	1	828080 5088
67	74074	5.4	1	71993 2081
68	25281	5.4	1	24055 1226
69	88560	5.4	1	87353 1207
70	140862	5.4	1	139515 1347
71	212039	5.4	1	210338 1701
72	113598	5.4	1	112199 1399
73	123794	5.4	1	121695 2099
74	547184	5.4	1	542622 4562
75	915858	5.4	1	909152 6706
76	1477158	5.4	1	1466811 10347
77	1127019	5.4	1	1119086 7933
78	981953	5.4	1	976198 5755
79	853155	5.4	1	847906 5249
80	621264	5.4	1	617079 4185
81	927885	5.4	1	922230 5655
82	672452	5.4	1	667953 4499
83	888628	5.4	1	882947 5681
84	1280527	5.4	1	1272876 7651
85	1519775	5.4	1	1510818 8957
86	2335783	5.4	1	2323204 12579
87	1790219	5.4	1	1778979 11240
88	1553979	5.4	1	1544580 9399
89	1249236	5.4	1	1240087 9149
90	879384	5.4	1	872590 6794
91	1214969	5.4	1	1205788 9181
92	793985	5.4	1	787873 6112
93	990134	5.4	1	981724 8410
94	1451287	5.4	1	1439156 12131
95	1740365	5.4	1	1727361 13004
96	2630319	5.4	1	2608050 22269
97	2204028	5.4	1	2189351 14677
98	1887583	5.4	1	1875095 12488
99	1478164	5.4	1	1469595 8569
100	970214	5.4	1	963212 7002
101	886724	5.4	1	882011 4713
102	610931	5.4	1	607286 3645
103	679875	5.4	1	676585 3290
104	912550	5.4	1	907342 5208
105	1031549	5.4	1	1021428 10121
106	1192488	5.4	1	1186198 6290
107	1056414	5.4	1	1046787 9627
108	871868	5.4	1	866946 4922
109	672324	5.4	1	666791 5533
110	474749	5.4	1	471976 2773
111	285779	5.4	1	283591 2188
112	164963	5.4	1	163838 1125
113	134479	5.4	1	133445 1034
114	132685	5.4	1	131567 1118
115	90884	5.4	1	90059 825
116	64462	5.4	1	63827 635
117	49857	5.4	1	48948 909
118	37068	5.4	1	36562 506
119	23477	5.4	1	22906 571
120	18422	5.4	1	18077 345
121	15074	5.4	1	14734 340
122	5880	5.4	1	5547 333
123	2532	5.4	1	2334 198
124	3992	5.4	1	1625 2367
125	1091	5.4	1	512 579
126	1561	5.4	1	1264 297
127	991	5.4	1	305 686
128	626	5.4	1	290 336
129	1019	5.4	1	350 669
130	552	5.4	1	272 280
131	828	5.4	1	633 195
132	548	5.4	1	127 421
133	333	5.4	1	101 232
134	1332	5.4	1	118 1214
135	279	5.4	1	35 244
136	339	5.4	1	136 203
137	781	5.4	1	39 742
138	201	5.4	1	34 167
139	116	5.4	1	32 84
140	220	5.4	1	26 194
141	258	5.4	1	95 163
142	850	5.4	1	69 781
143	112	5.4	1	15 97
144	77	5.4	1	22 55
145	48	5.4	1	19 29
146	182	5.4	1	62 120
147	962	5.4	1	87 875
148	172	5.4	1	44 128
149	773	5.4	1	520 253
150	117978	5.4	1	110865 7113

RUN STATISTICS FOR INPUT FILE: /beegfs/scratch/ric.sessa/kubacki.michal/SRF_Eva/90-1222471453/00_fastq/TESmut-3_R1_001.fastq.gz
=============================================
91417874 sequences processed in total

