
SUMMARISING RUN PARAMETERS
==========================
Input filename: /beegfs/scratch/ric.sessa/kubacki.michal/SRF_Eva/90-1222471453/00_fastq/TESmut-2_R2_001.fastq.gz
Trimming mode: paired-end
Trim Galore version: 0.6.10
Cutadapt version: 5.1
Python version: 3.12.10
Number of cores used for trimming: 8
Quality Phred score cutoff: 20
Quality encoding type selected: ASCII+33
Using Nextera adapter for trimming (count: 720084). Second best hit was smallRNA (count: 4)
Adapter sequence: 'CTGTCTCTTATA' (Nextera Transposase sequence; auto-detected)
Maximum trimming error rate: 0.1 (default)
Minimum required adapter overlap (stringency): 5 bp
Minimum required sequence length for both reads before a sequence pair gets removed: 20 bp
Running FastQC on the data once trimming has completed
Output file will be GZIP compressed


This is cutadapt 5.1 with Python 3.12.10
Command line parameters: -j 8 -e 0.1 -q 20 -O 5 -a CTGTCTCTTATA /beegfs/scratch/ric.sessa/kubacki.michal/SRF_Eva/90-1222471453/00_fastq/TESmut-2_R2_001.fastq.gz
Processing single-end reads on 8 cores ...

=== Summary ===

Total reads processed:              66,652,695
Reads with adapters:                48,619,873 (72.9%)
Reads written (passing filters):    66,652,695 (100.0%)

Total basepairs processed: 9,997,904,250 bp
Quality-trimmed:              16,668,345 bp (0.2%)
Total written (filtered):  6,774,124,344 bp (67.8%)

=== Adapter 1 ===

Sequence: CTGTCTCTTATA; Type: regular 3'; Length: 12; Trimmed: 48619873 times

Minimum overlap: 5
No. of allowed errors:
1-9 bp: 0; 10-12 bp: 1

Bases preceding removed adapters:
  A: 8.1%
  C: 48.0%
  G: 25.1%
  T: 18.8%
  none/other: 0.0%

Overview of removed sequences
length	count	expect	max.err	error counts
5	198494	65090.5	0	198494
6	225100	16272.6	0	225100
7	189562	4068.2	0	189562
8	238104	1017.0	0	238104
9	239793	254.3	0	239323 470
10	289929	63.6	1	287363 2566
11	302911	15.9	1	298618 4293
12	240806	4.0	1	235255 5551
13	248164	4.0	1	244181 3983
14	246593	4.0	1	243979 2614
15	225957	4.0	1	223606 2351
16	252825	4.0	1	250055 2770
17	207574	4.0	1	204892 2682
18	204925	4.0	1	201940 2985
19	218156	4.0	1	215141 3015
20	218073	4.0	1	215610 2463
21	284134	4.0	1	281055 3079
22	268054	4.0	1	264887 3167
23	292367	4.0	1	289696 2671
24	304018	4.0	1	300657 3361
25	283546	4.0	1	279756 3790
26	318924	4.0	1	314674 4250
27	252849	4.0	1	249748 3101
28	230458	4.0	1	225767 4691
29	238567	4.0	1	234473 4094
30	232765	4.0	1	229046 3719
31	321106	4.0	1	316802 4304
32	302159	4.0	1	299097 3062
33	335497	4.0	1	331887 3610
34	371600	4.0	1	367086 4514
35	346413	4.0	1	342951 3462
36	402275	4.0	1	398155 4120
37	308451	4.0	1	304710 3741
38	279144	4.0	1	275772 3372
39	282962	4.0	1	279820 3142
40	261429	4.0	1	257901 3528
41	373622	4.0	1	369286 4336
42	342206	4.0	1	338081 4125
43	403956	4.0	1	399186 4770
44	442532	4.0	1	436992 5540
45	436297	4.0	1	430808 5489
46	523469	4.0	1	517299 6170
47	387518	4.0	1	382181 5337
48	338181	4.0	1	333760 4421
49	335739	4.0	1	331323 4416
50	304918	4.0	1	300104 4814
51	423493	4.0	1	418482 5011
52	381275	4.0	1	375937 5338
53	490103	4.0	1	483817 6286
54	486386	4.0	1	480849 5537
55	520821	4.0	1	515266 5555
56	688016	4.0	1	680429 7587
57	486690	4.0	1	481073 5617
58	422962	4.0	1	418231 4731
59	412915	4.0	1	407873 5042
60	339263	4.0	1	335162 4101
61	501776	4.0	1	496477 5299
62	427121	4.0	1	421338 5783
63	524790	4.0	1	517230 7560
64	667415	4.0	1	658609 8806
65	720521	4.0	1	711693 8828
66	940145	4.0	1	932021 8124
67	820173	4.0	1	814820 5353
68	248898	4.0	1	246311 2587
69	485218	4.0	1	481517 3701
70	386092	4.0	1	382763 3329
71	590937	4.0	1	585281 5656
72	449764	4.0	1	446168 3596
73	564541	4.0	1	560441 4100
74	744768	4.0	1	739469 5299
75	800293	4.0	1	794183 6110
76	1182446	4.0	1	1174125 8321
77	846535	4.0	1	838579 7956
78	728975	4.0	1	722678 6297
79	638994	4.0	1	633860 5134
80	462742	4.0	1	457394 5348
81	687690	4.0	1	682298 5392
82	474634	4.0	1	470373 4261
83	588875	4.0	1	583796 5079
84	823285	4.0	1	816952 6333
85	940450	4.0	1	932357 8093
86	1405685	4.0	1	1395113 10572
87	1063363	4.0	1	1055277 8086
88	895875	4.0	1	889675 6200
89	716177	4.0	1	710481 5696
90	495322	4.0	1	491712 3610
91	576614	4.0	1	572245 4369
92	414750	4.0	1	411818 2932
93	475988	4.0	1	472210 3778
94	656623	4.0	1	652277 4346
95	803296	4.0	1	797120 6176
96	1046083	4.0	1	1038516 7567
97	981070	4.0	1	974121 6949
98	807840	4.0	1	803608 4232
99	598259	4.0	1	594446 3813
100	394656	4.0	1	392204 2452
101	293922	4.0	1	292017 1905
102	233351	4.0	1	231382 1969
103	245132	4.0	1	243033 2099
104	297578	4.0	1	295381 2197
105	335296	4.0	1	332767 2529
106	358381	4.0	1	355816 2565
107	312233	4.0	1	309867 2366
108	246388	4.0	1	244126 2262
109	178110	4.0	1	176734 1376
110	118276	4.0	1	117159 1117
111	66722	4.0	1	66035 687
112	35612	4.0	1	35197 415
113	27065	4.0	1	26708 357
114	23050	4.0	1	22685 365
115	14611	4.0	1	14388 223
116	11482	4.0	1	11281 201
117	7371	4.0	1	6977 394
118	5288	4.0	1	5135 153
119	3367	4.0	1	3113 254
120	2125	4.0	1	2007 118
121	2477	4.0	1	2332 145
122	978	4.0	1	784 194
123	632	4.0	1	516 116
124	1680	4.0	1	493 1187
125	521	4.0	1	182 339
126	730	4.0	1	540 190
127	541	4.0	1	135 406
128	252	4.0	1	142 110
129	426	4.0	1	152 274
130	228	4.0	1	117 111
131	467	4.0	1	272 195
132	311	4.0	1	61 250
133	168	4.0	1	79 89
134	740	4.0	1	72 668
135	191	4.0	1	32 159
136	205	4.0	1	99 106
137	531	4.0	1	56 475
138	101	4.0	1	20 81
139	83	4.0	1	26 57
140	133	4.0	1	12 121
141	199	4.0	1	54 145
142	611	4.0	1	16 595
143	46	4.0	1	0 46
144	42	4.0	1	4 38
145	62	4.0	1	3 59
146	55	4.0	1	3 52
147	671	4.0	1	23 648
148	121	4.0	1	3 118
149	150	4.0	1	43 107
150	8436	4.0	1	8098 338

RUN STATISTICS FOR INPUT FILE: /beegfs/scratch/ric.sessa/kubacki.michal/SRF_Eva/90-1222471453/00_fastq/TESmut-2_R2_001.fastq.gz
=============================================
66652695 sequences processed in total

Total number of sequences analysed for the sequence pair length validation: 66652695

Number of sequence pairs removed because at least one read was shorter than the length cutoff (20 bp): 54516 (0.08%)
