## htsjdk.samtools.metrics.StringHeader
# MarkDuplicates INPUT=[/beegfs/scratch/ric.sessa/kubacki.michal/SRF_Eva/results/04_filtered/IggRb_with_rg.bam] OUTPUT=/beegfs/scratch/ric.sessa/kubacki.michal/SRF_Eva/results/04_filtered/IggRb_dedup.bam METRICS_FILE=/beegfs/scratch/ric.sessa/kubacki.michal/SRF_Eva/results/04_filtered/IggRb_dedup_metrics.txt REMOVE_DUPLICATES=true ASSUME_SORTED=true CREATE_INDEX=true    MAX_SEQUENCES_FOR_DISK_READ_ENDS_MAP=50000 MAX_FILE_HANDLES_FOR_READ_ENDS_MAP=8000 SORTING_COLLECTION_SIZE_RATIO=0.25 TAG_DUPLICATE_SET_MEMBERS=false REMOVE_SEQUENCING_DUPLICATES=false TAGGING_POLICY=DontTag CLEAR_DT=true DUPLEX_UMI=false FLOW_MODE=false FLOW_DUP_STRATEGY=FLOW_QUALITY_SUM_STRATEGY FLOW_USE_END_IN_UNPAIRED_READS=false FLOW_USE_UNPAIRED_CLIPPED_END=false FLOW_UNPAIRED_END_UNCERTAINTY=0 FLOW_UNPAIRED_START_UNCERTAINTY=0 FLOW_SKIP_FIRST_N_FLOWS=0 FLOW_Q_IS_KNOWN_END=false FLOW_EFFECTIVE_QUALITY_THRESHOLD=15 ADD_PG_TAG_TO_READS=true DUPLICATE_SCORING_STRATEGY=SUM_OF_BASE_QUALITIES PROGRAM_RECORD_ID=MarkDuplicates PROGRAM_GROUP_NAME=MarkDuplicates READ_NAME_REGEX=<optimized capture of last three ':' separated fields as numeric values> OPTICAL_DUPLICATE_PIXEL_DISTANCE=100 MAX_OPTICAL_DUPLICATE_SET_SIZE=300000 VERBOSITY=INFO QUIET=false VALIDATION_STRINGENCY=STRICT COMPRESSION_LEVEL=5 MAX_RECORDS_IN_RAM=500000 CREATE_MD5_FILE=false USE_JDK_DEFLATER=false USE_JDK_INFLATER=false
## htsjdk.samtools.metrics.StringHeader
# Started on: Fri Aug 29 17:07:11 CEST 2025

## METRICS CLASS	picard.sam.DuplicationMetrics
LIBRARY	UNPAIRED_READS_EXAMINED	READ_PAIRS_EXAMINED	SECONDARY_OR_SUPPLEMENTARY_RDS	UNMAPPED_READS	UNPAIRED_READ_DUPLICATES	READ_PAIR_DUPLICATES	READ_PAIR_OPTICAL_DUPLICATES	PERCENT_DUPLICATION	ESTIMATED_LIBRARY_SIZE
lib1	0	27127104	0	74638254	0	24466452	470371	0.901919	2660770

## HISTOGRAM	java.lang.Double
BIN	CoverageMult	all_sets	optical_sets	non_optical_sets
1.0	1.000007	550362	0	583921
2.0	1.000044	273096	301806	271577
3.0	1.000044	192681	51784	189132
4.0	1.000044	151832	10510	148871
5.0	1.000044	127241	2780	124572
6.0	1.000044	110463	1124	108563
7.0	1.000044	98906	531	97305
8.0	1.000044	90632	331	89182
9.0	1.000044	84092	219	82565
10.0	1.000044	78813	169	77775
11.0	1.000044	74713	128	73748
12.0	1.000044	70975	89	69949
13.0	1.000044	67314	64	66814
14.0	1.000044	64627	50	64050
15.0	1.000044	60917	36	60244
16.0	1.000044	57713	21	57112
17.0	1.000044	53890	26	53264
18.0	1.000044	49926	19	49528
19.0	1.000044	45996	9	45314
20.0	1.000044	42089	13	41443
21.0	1.000044	37576	14	36982
22.0	1.000044	33982	9	33349
23.0	1.000044	29970	7	29455
24.0	1.000044	26306	6	25825
25.0	1.000044	23319	4	22742
26.0	1.000044	20260	6	19772
27.0	1.000044	17670	3	17061
28.0	1.000044	15088	1	14634
29.0	1.000044	13032	1	12498
30.0	1.000044	10948	2	10475
31.0	1.000044	9289	0	9042
32.0	1.000044	7892	3	7566
33.0	1.000044	6834	0	6542
34.0	1.000044	5842	2	5550
35.0	1.000044	4807	3	4508
36.0	1.000044	4071	1	3811
37.0	1.000044	3424	0	3165
38.0	1.000044	2817	1	2771
39.0	1.000044	2471	2	2333
40.0	1.000044	2085	3	1924
41.0	1.000044	1763	1	1687
42.0	1.000044	1574	2	1485
43.0	1.000044	1368	1	1307
44.0	1.000044	1244	0	1189
45.0	1.000044	1141	0	1099
46.0	1.000044	1035	1	966
47.0	1.000044	921	0	909
48.0	1.000044	814	0	757
49.0	1.000044	789	0	774
50.0	1.000044	710	1	651
51.0	1.000044	652	0	643
52.0	1.000044	605	0	621
53.0	1.000044	585	0	576
54.0	1.000044	568	0	550
55.0	1.000044	515	0	524
56.0	1.000044	539	0	509
57.0	1.000044	474	0	463
58.0	1.000044	467	0	460
59.0	1.000044	454	1	434
60.0	1.000044	424	0	428
61.0	1.000044	392	0	371
62.0	1.000044	380	0	372
63.0	1.000044	389	0	396
64.0	1.000044	333	1	334
65.0	1.000044	343	0	323
66.0	1.000044	364	0	326
67.0	1.000044	309	0	302
68.0	1.000044	326	0	319
69.0	1.000044	299	0	286
70.0	1.000044	276	0	288
71.0	1.000044	292	0	290
72.0	1.000044	249	0	253
73.0	1.000044	265	0	276
74.0	1.000044	273	0	247
75.0	1.000044	255	0	226
76.0	1.000044	248	0	234
77.0	1.000044	227	0	235
78.0	1.000044	220	0	230
79.0	1.000044	227	0	230
80.0	1.000044	213	0	213
81.0	1.000044	207	0	191
82.0	1.000044	199	0	211
83.0	1.000044	216	0	210
84.0	1.000044	189	0	200
85.0	1.000044	204	0	172
86.0	1.000044	183	0	195
87.0	1.000044	182	0	166
88.0	1.000044	164	0	187
89.0	1.000044	171	0	164
90.0	1.000044	178	0	165
91.0	1.000044	172	0	160
92.0	1.000044	155	0	155
93.0	1.000044	158	0	159
94.0	1.000044	157	0	133
95.0	1.000044	135	0	158
96.0	1.000044	148	0	140
97.0	1.000044	137	0	138
98.0	1.000044	138	0	152
99.0	1.000044	145	0	119
100.0	1.000044	119	0	118
101.0	0	131	0	132
102.0	0	114	0	123
103.0	0	131	2	118
104.0	0	126	0	107
105.0	0	127	0	142
106.0	0	121	0	110
107.0	0	110	0	122
108.0	0	107	0	104
109.0	0	116	0	116
110.0	0	119	0	97
111.0	0	87	0	88
112.0	0	105	0	86
113.0	0	96	0	102
114.0	0	87	0	91
115.0	0	86	0	110
116.0	0	92	0	84
117.0	0	83	0	79
118.0	0	99	0	98
119.0	0	96	0	101
120.0	0	85	0	85
121.0	0	99	0	99
122.0	0	98	0	101
123.0	0	110	0	86
124.0	0	87	0	94
125.0	0	87	0	91
126.0	0	79	0	88
127.0	0	89	0	76
128.0	0	70	0	84
129.0	0	96	0	82
130.0	0	76	0	53
131.0	0	68	0	78
132.0	0	71	0	72
133.0	0	57	0	74
134.0	0	78	0	65
135.0	0	72	0	69
136.0	0	71	0	82
137.0	0	82	0	72
138.0	0	77	0	74
139.0	0	73	0	59
140.0	0	68	0	60
141.0	0	52	0	56
142.0	0	61	0	57
143.0	0	57	0	55
144.0	0	54	0	59
145.0	0	53	0	53
146.0	0	64	0	56
147.0	0	64	0	60
148.0	0	46	0	65
149.0	0	68	0	75
150.0	0	68	0	59
151.0	0	63	0	72
152.0	0	60	0	62
153.0	0	50	0	53
154.0	0	71	0	52
155.0	0	57	0	49
156.0	0	52	0	52
157.0	0	60	0	53
158.0	0	52	0	43
159.0	0	42	0	45
160.0	0	46	0	45
161.0	0	46	0	48
162.0	0	48	0	45
163.0	0	34	0	46
164.0	0	42	0	47
165.0	0	44	0	62
166.0	0	47	0	32
167.0	0	42	0	47
168.0	0	55	0	41
169.0	0	51	0	50
170.0	0	46	0	44
171.0	0	46	0	47
172.0	0	43	0	42
173.0	0	38	0	38
174.0	0	44	0	49
175.0	0	46	0	48
176.0	0	42	0	42
177.0	0	48	0	24
178.0	0	31	0	35
179.0	0	33	0	34
180.0	0	33	0	46
181.0	0	34	0	32
182.0	0	31	0	30
183.0	0	44	0	36
184.0	0	36	0	37
185.0	0	42	0	33
186.0	0	41	0	30
187.0	0	32	0	28
188.0	0	28	0	36
189.0	0	28	0	26
190.0	0	26	0	23
191.0	0	34	0	27
192.0	0	24	0	29
193.0	0	28	0	30
194.0	0	26	0	45
195.0	0	40	0	38
196.0	0	42	0	40
197.0	0	25	0	31
198.0	0	42	0	37
199.0	0	26	0	27
200.0	0	30	0	35
201.0	0	34	0	28
202.0	0	29	0	25
203.0	0	33	0	32
204.0	0	25	0	30
205.0	0	31	0	35
206.0	0	33	0	30
207.0	0	28	0	23
208.0	0	40	0	35
209.0	0	29	0	25
210.0	0	17	0	25
211.0	0	28	0	27
212.0	0	33	0	20
213.0	0	19	0	29
214.0	0	24	0	35
215.0	0	27	0	28
216.0	0	33	0	15
217.0	0	29	0	29
218.0	0	28	0	31
219.0	0	20	0	14
220.0	0	18	0	28
221.0	0	27	0	25
222.0	0	24	0	18
223.0	0	23	0	35
224.0	0	28	0	24
225.0	0	29	0	24
226.0	0	25	0	23
227.0	0	17	0	19
228.0	0	17	0	24
229.0	0	28	0	23
230.0	0	24	0	19
231.0	0	20	0	21
232.0	0	31	0	19
233.0	0	20	0	23
234.0	0	19	0	25
235.0	0	26	0	17
236.0	0	11	0	13
237.0	0	17	0	20
238.0	0	26	0	18
239.0	0	20	0	25
240.0	0	16	0	18
241.0	0	23	0	19
242.0	0	11	0	24
243.0	0	19	0	30
244.0	0	27	0	17
245.0	0	20	0	23
246.0	0	21	0	12
247.0	0	19	0	22
248.0	0	20	0	18
249.0	0	23	0	16
250.0	0	15	0	15
251.0	0	19	0	25
252.0	0	23	0	12
253.0	0	15	0	23
254.0	0	18	0	17
255.0	0	19	0	17
256.0	0	17	0	22
257.0	0	23	0	17
258.0	0	21	0	15
259.0	0	17	0	16
260.0	0	13	0	19
261.0	0	17	0	17
262.0	0	20	0	20
263.0	0	17	0	14
264.0	0	12	0	21
265.0	0	17	0	17
266.0	0	12	0	11
267.0	0	19	0	18
268.0	0	18	0	15
269.0	0	17	0	20
270.0	0	12	0	14
271.0	0	16	0	13
272.0	0	15	0	18
273.0	0	15	0	20
274.0	0	18	0	16
275.0	0	15	0	13
276.0	0	13	0	16
277.0	0	19	0	11
278.0	0	10	0	10
279.0	0	11	0	12
280.0	0	17	0	15
281.0	0	18	0	15
282.0	0	11	0	14
283.0	0	15	0	11
284.0	0	19	0	16
285.0	0	16	0	12
286.0	0	13	0	17
287.0	0	11	0	14
288.0	0	15	0	12
289.0	0	15	0	7
290.0	0	14	0	9
291.0	0	9	0	14
292.0	0	7	0	15
293.0	0	11	0	16
294.0	0	18	0	15
295.0	0	8	0	11
296.0	0	11	0	13
297.0	0	11	0	12
298.0	0	16	0	10
299.0	0	12	0	13
300.0	0	15	0	20
301.0	0	14	0	12
302.0	0	21	0	9
303.0	0	15	0	12
304.0	0	15	0	17
305.0	0	15	0	13
306.0	0	10	0	9
307.0	0	11	0	17
308.0	0	10	0	12
309.0	0	14	0	7
310.0	0	16	0	5
311.0	0	8	0	11
312.0	0	5	0	10
313.0	0	11	0	8
314.0	0	5	0	12
315.0	0	13	0	8
316.0	0	11	0	8
317.0	0	6	0	7
318.0	0	12	0	10
319.0	0	5	0	9
320.0	0	12	0	7
321.0	0	11	0	12
322.0	0	5	0	12
323.0	0	7	0	11
324.0	0	9	0	11
325.0	0	12	0	11
326.0	0	12	0	8
327.0	0	12	0	11
328.0	0	6	0	9
329.0	0	9	0	7
330.0	0	7	0	14
331.0	0	12	0	11
332.0	0	9	0	9
333.0	0	8	0	14
334.0	0	16	0	11
335.0	0	8	0	11
336.0	0	10	0	14
337.0	0	15	0	12
338.0	0	12	0	9
339.0	0	9	0	10
340.0	0	12	0	3
341.0	0	8	0	8
342.0	0	11	0	9
343.0	0	9	0	7
344.0	0	8	0	7
345.0	0	10	0	14
346.0	0	10	0	14
347.0	0	13	0	6
348.0	0	9	0	9
349.0	0	7	0	12
350.0	0	6	0	15
351.0	0	12	0	8
352.0	0	14	0	12
353.0	0	8	0	12
354.0	0	11	0	7
355.0	0	12	0	7
356.0	0	6	0	12
357.0	0	10	0	8
358.0	0	11	0	9
359.0	0	8	0	13
360.0	0	10	0	11
361.0	0	10	0	7
362.0	0	10	0	8
363.0	0	9	0	15
364.0	0	8	0	10
365.0	0	10	0	4
366.0	0	9	0	9
367.0	0	8	0	10
368.0	0	15	0	5
369.0	0	7	0	10
370.0	0	10	0	11
371.0	0	8	0	5
372.0	0	8	0	8
373.0	0	4	0	11
374.0	0	9	0	5
375.0	0	9	0	11
376.0	0	7	0	8
377.0	0	10	0	4
378.0	0	9	0	6
379.0	0	11	0	8
380.0	0	2	0	8
381.0	0	8	0	3
382.0	0	5	0	5
383.0	0	6	0	14
384.0	0	10	0	6
385.0	0	3	0	0
386.0	0	5	0	9
387.0	0	7	0	8
388.0	0	6	0	6
389.0	0	12	0	9
390.0	0	2	0	12
391.0	0	7	0	2
392.0	0	7	0	4
393.0	0	4	0	7
394.0	0	7	0	5
395.0	0	8	0	6
396.0	0	10	0	8
397.0	0	5	0	5
398.0	0	8	0	6
399.0	0	6	0	6
400.0	0	8	0	4
401.0	0	8	0	7
402.0	0	3	0	5
403.0	0	4	0	7
404.0	0	7	0	7
405.0	0	5	0	5
406.0	0	7	0	5
407.0	0	2	0	7
408.0	0	4	0	3
409.0	0	5	0	4
410.0	0	2	0	6
411.0	0	12	0	10
412.0	0	9	0	5
413.0	0	0	0	3
414.0	0	6	0	4
415.0	0	6	0	5
416.0	0	8	0	7
417.0	0	2	0	5
418.0	0	7	0	4
419.0	0	5	0	7
420.0	0	6	0	5
421.0	0	2	0	5
422.0	0	6	0	5
423.0	0	4	0	4
424.0	0	3	0	2
425.0	0	10	0	5
426.0	0	3	0	4
427.0	0	3	0	3
428.0	0	5	0	12
429.0	0	5	0	6
430.0	0	7	0	0
431.0	0	4	0	5
432.0	0	5	0	1
433.0	0	5	0	5
434.0	0	2	0	2
435.0	0	3	0	2
436.0	0	4	0	3
437.0	0	3	0	4
438.0	0	2	0	5
439.0	0	6	0	5
440.0	0	5	0	3
441.0	0	3	0	3
442.0	0	2	0	2
443.0	0	3	0	5
444.0	0	3	0	6
445.0	0	5	0	3
446.0	0	4	0	6
447.0	0	5	0	5
448.0	0	7	0	2
449.0	0	2	0	3
450.0	0	4	0	4
451.0	0	6	0	6
452.0	0	4	0	8
453.0	0	3	0	3
454.0	0	6	0	4
455.0	0	6	0	2
456.0	0	1	0	3
457.0	0	3	0	4
458.0	0	3	0	6
459.0	0	2	0	8
460.0	0	9	0	5
461.0	0	2	0	8
462.0	0	6	0	5
463.0	0	8	0	4
464.0	0	4	0	4
465.0	0	5	0	3
466.0	0	5	0	2
467.0	0	5	0	5
468.0	0	2	0	3
469.0	0	6	0	4
470.0	0	7	0	6
471.0	0	2	0	4
472.0	0	5	0	6
473.0	0	2	0	4
474.0	0	1	0	4
475.0	0	1	0	1
476.0	0	6	0	5
477.0	0	6	0	2
478.0	0	2	0	9
479.0	0	7	0	4
480.0	0	6	0	1
481.0	0	6	0	6
482.0	0	6	0	5
483.0	0	2	0	3
484.0	0	3	0	6
485.0	0	1	0	6
486.0	0	3	0	4
487.0	0	5	0	3
488.0	0	5	0	2
489.0	0	5	0	6
490.0	0	8	0	2
491.0	0	5	0	0
492.0	0	4	0	6
493.0	0	2	0	5
494.0	0	5	0	6
495.0	0	6	0	5
496.0	0	3	0	5
497.0	0	2	0	2
498.0	0	4	0	5
499.0	0	3	0	2
500.0	0	3	0	3
501.0	0	4	0	6
502.0	0	5	0	5
503.0	0	9	0	0
504.0	0	2	0	3
505.0	0	2	0	4
506.0	0	2	0	3
507.0	0	4	0	4
508.0	0	3	0	4
509.0	0	5	0	2
510.0	0	3	0	1
511.0	0	3	0	3
512.0	0	2	0	5
513.0	0	3	0	6
514.0	0	7	0	3
515.0	0	4	0	2
516.0	0	4	0	1
517.0	0	2	0	2
518.0	0	1	0	5
519.0	0	4	0	1
520.0	0	4	0	3
521.0	0	1	0	2
522.0	0	3	0	2
523.0	0	2	0	3
524.0	0	0	0	3
525.0	0	3	0	5
526.0	0	7	0	6
527.0	0	4	0	2
528.0	0	1	0	2
529.0	0	4	0	2
530.0	0	2	0	1
531.0	0	3	0	2
532.0	0	3	0	1
533.0	0	0	0	3
534.0	0	3	0	1
535.0	0	2	0	4
536.0	0	1	0	3
537.0	0	3	0	1
538.0	0	3	0	8
539.0	0	4	0	2
540.0	0	5	0	5
541.0	0	4	0	5
542.0	0	1	0	1
543.0	0	2	0	3
544.0	0	2	0	5
545.0	0	3	0	3
546.0	0	7	0	1
547.0	0	2	0	1
548.0	0	2	0	3
549.0	0	3	0	2
550.0	0	1	0	1
551.0	0	1	0	2
552.0	0	3	0	5
553.0	0	2	0	4
554.0	0	0	0	2
555.0	0	3	0	4
556.0	0	4	0	4
557.0	0	3	0	3
558.0	0	1	0	0
559.0	0	4	0	2
560.0	0	5	0	4
561.0	0	4	0	5
562.0	0	3	0	3
563.0	0	3	0	3
564.0	0	2	0	6
565.0	0	3	0	1
566.0	0	1	0	3
567.0	0	5	0	4
568.0	0	5	0	3
569.0	0	4	0	2
570.0	0	4	0	2
571.0	0	1	0	3
572.0	0	2	0	1
573.0	0	3	0	1
574.0	0	2	0	2
575.0	0	2	0	0
576.0	0	0	0	3
577.0	0	3	0	4
578.0	0	2	0	2
579.0	0	4	0	5
580.0	0	7	0	1
581.0	0	3	0	4
582.0	0	3	0	3
583.0	0	3	0	2
584.0	0	1	0	2
585.0	0	3	0	4
586.0	0	2	0	2
587.0	0	2	0	2
588.0	0	1	0	4
589.0	0	3	0	4
590.0	0	0	0	4
591.0	0	2	0	1
592.0	0	3	0	6
593.0	0	2	0	1
594.0	0	2	0	5
595.0	0	3	0	3
596.0	0	4	0	2
597.0	0	7	0	3
598.0	0	0	0	3
599.0	0	5	0	0
600.0	0	3	0	2
601.0	0	2	0	1
602.0	0	5	0	3
603.0	0	3	0	1
604.0	0	0	0	3
605.0	0	1	0	2
606.0	0	1	0	2
607.0	0	2	0	4
608.0	0	4	0	1
609.0	0	4	0	4
610.0	0	3	0	1
611.0	0	0	0	2
612.0	0	1	0	2
613.0	0	3	0	1
614.0	0	4	0	2
615.0	0	2	0	1
616.0	0	3	0	0
617.0	0	1	0	2
618.0	0	1	0	1
619.0	0	0	0	5
620.0	0	1	0	1
622.0	0	4	0	1
623.0	0	5	0	3
624.0	0	0	0	3
625.0	0	1	0	1
626.0	0	1	0	2
627.0	0	0	0	3
628.0	0	1	0	0
629.0	0	0	0	3
630.0	0	2	0	3
631.0	0	4	0	5
632.0	0	5	0	4
633.0	0	4	0	2
634.0	0	5	0	0
635.0	0	4	0	4
636.0	0	1	0	1
637.0	0	3	0	0
638.0	0	1	0	3
639.0	0	1	0	1
640.0	0	4	0	3
641.0	0	0	0	1
642.0	0	1	0	1
643.0	0	0	0	1
644.0	0	1	0	2
645.0	0	2	0	5
646.0	0	4	0	1
647.0	0	2	0	1
648.0	0	2	0	2
649.0	0	5	0	2
650.0	0	1	0	3
651.0	0	3	0	1
653.0	0	3	0	2
654.0	0	3	0	6
655.0	0	2	0	1
656.0	0	0	0	2
657.0	0	2	0	0
658.0	0	0	0	3
659.0	0	1	0	2
660.0	0	2	0	2
661.0	0	1	0	1
662.0	0	3	0	2
663.0	0	1	0	1
664.0	0	2	0	3
665.0	0	1	0	0
666.0	0	2	0	0
667.0	0	2	0	1
669.0	0	3	0	2
670.0	0	1	0	0
671.0	0	2	0	4
672.0	0	4	0	0
673.0	0	0	0	1
674.0	0	2	0	0
675.0	0	0	0	1
676.0	0	1	0	2
677.0	0	0	0	1
679.0	0	0	0	3
680.0	0	2	0	6
681.0	0	2	0	1
682.0	0	2	0	2
683.0	0	2	0	3
684.0	0	2	0	1
685.0	0	0	0	1
686.0	0	2	0	1
687.0	0	2	0	2
688.0	0	5	0	2
689.0	0	1	0	1
690.0	0	2	0	1
691.0	0	1	0	5
692.0	0	1	0	3
693.0	0	2	0	1
694.0	0	2	0	2
695.0	0	1	0	3
696.0	0	4	0	1
697.0	0	1	0	1
698.0	0	2	0	1
699.0	0	2	0	1
700.0	0	1	0	2
701.0	0	1	0	1
702.0	0	0	0	2
703.0	0	1	0	3
704.0	0	2	0	1
705.0	0	2	0	1
706.0	0	1	0	1
707.0	0	2	0	0
708.0	0	2	0	3
709.0	0	3	0	1
710.0	0	3	0	0
711.0	0	0	0	4
712.0	0	1	0	1
713.0	0	3	0	1
714.0	0	0	0	1
715.0	0	2	0	2
716.0	0	0	0	4
717.0	0	1	0	1
718.0	0	0	0	1
719.0	0	1	0	2
720.0	0	2	0	0
721.0	0	3	0	3
722.0	0	3	0	2
723.0	0	1	0	0
724.0	0	2	0	3
725.0	0	1	0	0
726.0	0	5	0	3
727.0	0	2	0	0
728.0	0	1	0	2
729.0	0	2	0	3
730.0	0	2	0	2
731.0	0	1	0	4
732.0	0	1	0	1
733.0	0	2	0	1
734.0	0	2	0	0
735.0	0	0	0	2
736.0	0	3	0	1
737.0	0	2	0	1
738.0	0	4	0	2
739.0	0	2	0	5
740.0	0	1	0	1
741.0	0	2	0	3
742.0	0	2	0	2
743.0	0	2	0	0
744.0	0	2	0	4
745.0	0	1	0	1
746.0	0	2	0	0
747.0	0	2	0	2
748.0	0	1	0	1
749.0	0	0	0	2
750.0	0	1	0	1
751.0	0	2	0	1
752.0	0	0	0	2
753.0	0	1	0	1
754.0	0	2	0	0
755.0	0	1	0	1
756.0	0	3	0	1
757.0	0	1	0	1
758.0	0	3	0	1
759.0	0	1	0	2
760.0	0	0	0	2
761.0	0	3	0	4
763.0	0	3	0	1
764.0	0	2	0	2
765.0	0	1	0	2
766.0	0	2	0	2
767.0	0	1	0	1
768.0	0	2	0	2
769.0	0	2	0	0
770.0	0	1	0	0
771.0	0	1	0	0
772.0	0	1	0	1
773.0	0	0	0	1
774.0	0	1	0	2
775.0	0	1	0	0
776.0	0	0	0	1
778.0	0	2	0	4
779.0	0	2	0	0
780.0	0	0	0	1
781.0	0	3	0	1
783.0	0	0	0	2
784.0	0	1	0	2
785.0	0	1	0	1
786.0	0	1	0	1
787.0	0	1	0	1
788.0	0	1	0	0
789.0	0	2	0	1
790.0	0	1	0	2
791.0	0	1	0	0
792.0	0	0	0	2
793.0	0	1	0	0
794.0	0	1	0	1
795.0	0	1	0	1
796.0	0	1	0	0
797.0	0	1	0	0
798.0	0	3	0	1
799.0	0	0	0	1
800.0	0	0	0	1
801.0	0	1	0	1
802.0	0	2	0	1
803.0	0	2	0	1
804.0	0	0	0	3
805.0	0	0	0	2
806.0	0	1	0	2
807.0	0	1	0	1
808.0	0	4	0	0
810.0	0	0	0	1
811.0	0	2	0	1
812.0	0	0	0	1
813.0	0	1	0	0
814.0	0	0	0	1
815.0	0	1	0	2
816.0	0	1	0	1
817.0	0	1	0	1
818.0	0	0	0	1
819.0	0	1	0	1
820.0	0	1	0	1
821.0	0	1	0	0
822.0	0	1	0	1
823.0	0	1	0	0
824.0	0	1	0	4
825.0	0	2	0	1
826.0	0	1	0	0
828.0	0	1	0	3
829.0	0	2	0	1
830.0	0	2	0	1
832.0	0	1	0	2
833.0	0	2	0	1
834.0	0	1	0	1
835.0	0	2	0	1
836.0	0	1	0	2
837.0	0	1	0	1
838.0	0	0	0	3
839.0	0	2	0	3
840.0	0	1	0	0
841.0	0	1	0	0
842.0	0	0	0	1
843.0	0	1	0	0
844.0	0	1	0	1
845.0	0	5	0	0
846.0	0	0	0	1
848.0	0	1	0	2
849.0	0	1	0	1
850.0	0	1	0	2
851.0	0	1	0	0
853.0	0	1	0	1
855.0	0	2	0	1
856.0	0	2	0	1
857.0	0	2	0	1
859.0	0	0	0	1
860.0	0	1	0	1
861.0	0	0	0	2
862.0	0	1	0	1
863.0	0	1	0	2
865.0	0	2	0	0
866.0	0	1	0	2
867.0	0	3	0	0
868.0	0	2	0	1
869.0	0	0	0	2
871.0	0	1	0	0
873.0	0	0	0	1
875.0	0	0	0	1
877.0	0	1	0	2
878.0	0	1	0	1
879.0	0	3	0	1
883.0	0	2	0	0
884.0	0	1	0	0
885.0	0	1	0	1
886.0	0	1	0	2
888.0	0	1	0	0
890.0	0	2	0	3
894.0	0	1	0	1
896.0	0	0	0	1
897.0	0	0	0	2
898.0	0	1	0	0
899.0	0	0	0	1
900.0	0	2	0	0
901.0	0	1	0	1
903.0	0	1	0	0
904.0	0	1	0	2
906.0	0	1	0	1
907.0	0	1	0	2
910.0	0	1	0	0
912.0	0	0	0	1
914.0	0	1	0	0
915.0	0	1	0	0
916.0	0	0	0	1
918.0	0	1	0	0
920.0	0	1	0	0
921.0	0	0	0	1
925.0	0	0	0	1
926.0	0	1	0	2
927.0	0	1	0	1
928.0	0	0	0	3
929.0	0	2	0	4
931.0	0	1	0	0
934.0	0	3	0	0
935.0	0	0	0	2
936.0	0	1	0	0
937.0	0	3	0	0
938.0	0	1	0	1
939.0	0	1	0	1
941.0	0	0	0	1
942.0	0	1	0	0
943.0	0	3	0	0
944.0	0	1	0	3
945.0	0	0	0	1
948.0	0	1	0	3
949.0	0	1	0	0
951.0	0	1	0	0
952.0	0	1	0	1
953.0	0	1	0	0
954.0	0	0	0	2
955.0	0	0	0	2
956.0	0	2	0	0
957.0	0	1	0	0
958.0	0	1	0	0
959.0	0	0	0	1
960.0	0	1	0	0
961.0	0	1	0	0
962.0	0	1	0	1
963.0	0	0	0	1
964.0	0	0	0	2
965.0	0	2	0	0
967.0	0	0	0	1
968.0	0	1	0	0
969.0	0	0	0	1
970.0	0	0	0	1
971.0	0	1	0	0
974.0	0	0	0	1
975.0	0	1	0	0
978.0	0	0	0	1
979.0	0	2	0	0
981.0	0	1	0	0
983.0	0	0	0	1
986.0	0	1	0	0
987.0	0	0	0	1
988.0	0	0	0	1
989.0	0	0	0	1
990.0	0	1	0	1
991.0	0	0	0	1
992.0	0	0	0	1
993.0	0	2	0	2
994.0	0	1	0	0
995.0	0	0	0	1
996.0	0	1	0	1
999.0	0	1	0	1
1001.0	0	1	0	1
1002.0	0	0	0	1
1003.0	0	1	0	1
1004.0	0	2	0	0
1005.0	0	1	0	0
1006.0	0	0	0	1
1007.0	0	1	0	3
1008.0	0	0	0	2
1009.0	0	1	0	0
1010.0	0	0	0	1
1011.0	0	1	0	0
1014.0	0	1	0	0
1015.0	0	2	0	1
1016.0	0	1	0	0
1017.0	0	1	0	0
1020.0	0	1	0	1
1021.0	0	2	0	1
1024.0	0	1	0	1
1025.0	0	0	0	1
1028.0	0	1	0	0
1029.0	0	3	0	0
1031.0	0	0	0	1
1035.0	0	0	0	1
1036.0	0	1	0	0
1037.0	0	0	0	2
1038.0	0	1	0	0
1041.0	0	0	0	2
1042.0	0	0	0	1
1043.0	0	1	0	1
1044.0	0	1	0	1
1045.0	0	1	0	0
1050.0	0	1	0	0
1051.0	0	1	0	0
1052.0	0	1	0	2
1053.0	0	2	0	0
1055.0	0	1	0	0
1057.0	0	1	0	0
1059.0	0	0	0	1
1060.0	0	0	0	2
1061.0	0	0	0	1
1063.0	0	0	0	1
1064.0	0	0	0	1
1065.0	0	1	0	0
1068.0	0	1	0	1
1069.0	0	1	0	0
1070.0	0	1	0	0
1071.0	0	0	0	1
1073.0	0	1	0	0
1074.0	0	1	0	0
1075.0	0	0	0	1
1079.0	0	1	0	0
1082.0	0	0	0	2
1085.0	0	1	0	0
1086.0	0	0	0	2
1087.0	0	0	0	2
1091.0	0	2	0	1
1092.0	0	0	0	1
1095.0	0	2	0	0
1096.0	0	1	0	1
1097.0	0	1	0	0
1098.0	0	0	0	1
1099.0	0	1	0	1
1101.0	0	1	0	0
1102.0	0	1	0	0
1106.0	0	1	0	1
1108.0	0	0	0	2
1110.0	0	2	0	1
1113.0	0	1	0	1
1114.0	0	1	0	0
1115.0	0	1	0	0
1117.0	0	1	0	0
1118.0	0	1	0	1
1123.0	0	1	0	0
1125.0	0	0	0	1
1130.0	0	0	0	1
1131.0	0	0	0	1
1133.0	0	0	0	1
1136.0	0	2	0	2
1138.0	0	0	0	1
1139.0	0	1	0	0
1142.0	0	1	0	1
1143.0	0	1	0	1
1144.0	0	0	0	1
1145.0	0	1	0	1
1147.0	0	0	0	1
1148.0	0	0	0	1
1150.0	0	1	0	1
1152.0	0	2	0	0
1153.0	0	1	0	0
1154.0	0	0	0	1
1155.0	0	1	0	0
1156.0	0	1	0	2
1157.0	0	0	0	1
1158.0	0	1	0	0
1160.0	0	2	0	0
1161.0	0	1	0	0
1162.0	0	0	0	1
1163.0	0	1	0	0
1164.0	0	0	0	1
1165.0	0	1	0	1
1166.0	0	1	0	0
1167.0	0	1	0	1
1168.0	0	1	0	0
1171.0	0	0	0	1
1174.0	0	0	0	2
1175.0	0	1	0	2
1176.0	0	0	0	1
1177.0	0	1	0	0
1178.0	0	0	0	1
1180.0	0	1	0	0
1182.0	0	1	0	1
1183.0	0	1	0	1
1184.0	0	1	0	1
1185.0	0	0	0	2
1186.0	0	0	0	1
1188.0	0	1	0	0
1189.0	0	1	0	0
1190.0	0	1	0	1
1192.0	0	3	0	1
1193.0	0	0	0	1
1194.0	0	1	0	1
1195.0	0	1	0	0
1196.0	0	1	0	0
1200.0	0	0	0	1
1201.0	0	1	0	0
1202.0	0	0	0	2
1203.0	0	1	0	0
1205.0	0	0	0	1
1209.0	0	0	0	1
1212.0	0	1	0	1
1213.0	0	1	0	1
1214.0	0	1	0	0
1217.0	0	2	0	0
1219.0	0	1	0	0
1220.0	0	0	0	1
1221.0	0	1	0	0
1222.0	0	1	0	0
1223.0	0	0	0	1
1224.0	0	0	0	2
1225.0	0	0	0	2
1226.0	0	0	0	1
1228.0	0	2	0	0
1234.0	0	2	0	0
1235.0	0	1	0	0
1237.0	0	1	0	0
1240.0	0	1	0	0
1243.0	0	0	0	1
1247.0	0	0	0	1
1248.0	0	0	0	1
1250.0	0	0	0	1
1251.0	0	0	0	1
1253.0	0	1	0	0
1254.0	0	0	0	1
1256.0	0	1	0	1
1257.0	0	1	0	0
1258.0	0	1	0	0
1260.0	0	1	0	0
1264.0	0	0	0	1
1267.0	0	1	0	0
1269.0	0	1	0	1
1271.0	0	0	0	2
1273.0	0	0	0	1
1274.0	0	0	0	1
1275.0	0	1	0	0
1277.0	0	0	0	2
1279.0	0	0	0	1
1281.0	0	2	0	0
1282.0	0	2	0	0
1283.0	0	1	0	0
1284.0	0	0	0	1
1286.0	0	0	0	1
1287.0	0	1	0	0
1288.0	0	1	0	1
1291.0	0	0	0	1
1292.0	0	1	0	3
1293.0	0	0	0	1
1294.0	0	2	0	0
1295.0	0	0	0	1
1296.0	0	0	0	1
1297.0	0	0	0	1
1298.0	0	3	0	0
1300.0	0	1	0	0
1301.0	0	1	0	0
1304.0	0	2	0	0
1306.0	0	0	0	2
1307.0	0	0	0	1
1309.0	0	1	0	0
1310.0	0	1	0	1
1313.0	0	1	0	0
1314.0	0	0	0	1
1315.0	0	1	0	0
1316.0	0	1	0	0
1317.0	0	1	0	0
1324.0	0	1	0	0
1329.0	0	0	0	1
1334.0	0	0	0	1
1339.0	0	1	0	0
1340.0	0	0	0	1
1343.0	0	0	0	1
1344.0	0	1	0	0
1349.0	0	1	0	0
1350.0	0	0	0	1
1351.0	0	1	0	2
1352.0	0	0	0	1
1355.0	0	1	0	0
1356.0	0	1	0	1
1359.0	0	0	0	1
1362.0	0	1	0	1
1363.0	0	1	0	1
1364.0	0	1	0	0
1365.0	0	0	0	1
1366.0	0	1	0	1
1367.0	0	1	0	0
1371.0	0	1	0	0
1373.0	0	1	0	0
1378.0	0	0	0	1
1381.0	0	1	0	1
1384.0	0	1	0	1
1387.0	0	0	0	1
1388.0	0	1	0	1
1389.0	0	0	0	1
1392.0	0	0	0	2
1394.0	0	2	0	0
1395.0	0	1	0	0
1398.0	0	1	0	0
1400.0	0	1	0	1
1402.0	0	1	0	0
1403.0	0	0	0	1
1404.0	0	0	0	1
1410.0	0	0	0	1
1411.0	0	1	0	0
1414.0	0	1	0	0
1420.0	0	0	0	3
1421.0	0	0	0	1
1423.0	0	0	0	1
1424.0	0	0	0	1
1426.0	0	1	0	1
1427.0	0	3	0	0
1428.0	0	0	0	1
1429.0	0	1	0	0
1431.0	0	1	0	0
1435.0	0	1	0	0
1436.0	0	0	0	1
1440.0	0	1	0	0
1446.0	0	1	0	0
1447.0	0	1	0	0
1448.0	0	1	0	0
1450.0	0	0	0	2
1453.0	0	0	0	1
1455.0	0	1	0	0
1456.0	0	0	0	1
1459.0	0	0	0	1
1461.0	0	1	0	0
1464.0	0	0	0	1
1466.0	0	1	0	0
1468.0	0	0	0	1
1469.0	0	1	0	0
1471.0	0	1	0	0
1473.0	0	1	0	1
1477.0	0	1	0	0
1478.0	0	0	0	1
1479.0	0	0	0	1
1480.0	0	1	0	1
1489.0	0	1	0	1
1491.0	0	1	0	0
1492.0	0	1	0	0
1493.0	0	0	0	1
1495.0	0	1	0	0
1498.0	0	1	0	0
1512.0	0	0	0	2
1515.0	0	0	0	1
1520.0	0	1	0	1
1523.0	0	1	0	0
1525.0	0	1	0	0
1529.0	0	0	0	1
1542.0	0	0	0	1
1543.0	0	1	0	0
1544.0	0	0	0	1
1545.0	0	0	0	1
1546.0	0	0	0	1
1548.0	0	0	0	1
1549.0	0	1	0	0
1551.0	0	1	0	0
1555.0	0	0	0	1
1559.0	0	0	0	1
1560.0	0	1	0	0
1561.0	0	1	0	0
1562.0	0	2	0	0
1563.0	0	0	0	1
1569.0	0	1	0	0
1571.0	0	1	0	0
1576.0	0	0	0	1
1578.0	0	0	0	1
1582.0	0	1	0	0
1584.0	0	1	0	0
1592.0	0	0	0	1
1593.0	0	0	0	1
1596.0	0	0	0	1
1601.0	0	1	0	0
1602.0	0	1	0	0
1603.0	0	0	0	1
1604.0	0	1	0	0
1609.0	0	1	0	0
1619.0	0	1	0	0
1620.0	0	0	0	1
1625.0	0	0	0	1
1626.0	0	0	0	1
1630.0	0	1	0	0
1633.0	0	0	0	1
1635.0	0	1	0	1
1637.0	0	1	0	0
1642.0	0	0	0	1
1645.0	0	1	0	0
1653.0	0	1	0	0
1654.0	0	1	0	0
1681.0	0	0	0	1
1689.0	0	1	0	0
1694.0	0	0	0	1
1702.0	0	1	0	0
1722.0	0	0	0	1
1725.0	0	0	0	1
1730.0	0	0	0	1
1734.0	0	1	0	0
1736.0	0	1	0	0
1744.0	0	0	0	1
1745.0	0	1	0	0
1746.0	0	0	0	1
1754.0	0	1	0	1
1759.0	0	1	0	1
1764.0	0	1	0	0
1772.0	0	1	0	0
1790.0	0	0	0	1
1793.0	0	0	0	1
1796.0	0	0	0	1
1799.0	0	0	0	1
1801.0	0	1	0	0
1802.0	0	1	0	0
1803.0	0	1	0	0
1806.0	0	1	0	0
1815.0	0	0	0	1
1820.0	0	1	0	0
1832.0	0	0	0	1
1837.0	0	0	0	1
1842.0	0	1	0	0
1845.0	0	0	0	1
1846.0	0	0	0	1
1852.0	0	1	0	0
1854.0	0	1	0	1
1859.0	0	1	0	0
1864.0	0	0	0	1
1869.0	0	0	0	1
1870.0	0	0	0	1
1873.0	0	1	0	0
1883.0	0	1	0	0
1885.0	0	0	0	1
1888.0	0	1	0	0
1896.0	0	0	0	1
1899.0	0	1	0	0
1902.0	0	1	0	0
1903.0	0	1	0	0
1914.0	0	0	0	1
1925.0	0	1	0	0
1947.0	0	0	0	2
1951.0	0	0	0	1
1952.0	0	0	0	1
1957.0	0	1	0	0
1961.0	0	1	0	0
1964.0	0	1	0	0
1965.0	0	0	0	1
1968.0	0	1	0	0
1976.0	0	1	0	0
1977.0	0	0	0	1
1981.0	0	0	0	1
1991.0	0	0	0	1
1992.0	0	1	0	0
2005.0	0	1	0	0
2009.0	0	0	0	1
2010.0	0	1	0	0
2012.0	0	0	0	1
2020.0	0	1	0	0
2023.0	0	1	0	1
2029.0	0	1	0	1
2033.0	0	0	0	1
2034.0	0	1	0	0
2046.0	0	0	0	1
2047.0	0	1	0	0
2057.0	0	0	0	1
2058.0	0	1	0	0
2076.0	0	1	0	0
2118.0	0	0	0	2
2127.0	0	1	0	0
2135.0	0	1	0	0
2159.0	0	0	0	1
2184.0	0	1	0	0
2208.0	0	0	0	1
2216.0	0	0	0	1
2224.0	0	1	0	0
2227.0	0	0	0	1
2230.0	0	0	0	1
2235.0	0	1	0	0
2243.0	0	1	0	0
2246.0	0	1	0	0
2255.0	0	0	0	1
2268.0	0	1	0	0
2270.0	0	0	0	1
2277.0	0	0	0	1
2289.0	0	1	0	0
2294.0	0	1	0	0
2308.0	0	0	0	1
2314.0	0	0	0	1
2317.0	0	1	0	0
2321.0	0	1	0	0
2333.0	0	0	0	1
2348.0	0	1	0	0
2349.0	0	0	0	1
2350.0	0	0	0	1
2360.0	0	1	0	0
2367.0	0	1	0	0
2379.0	0	0	0	1
2395.0	0	1	0	0
2418.0	0	0	0	1
2427.0	0	0	0	1
2430.0	0	1	0	0
2438.0	0	0	0	1
2444.0	0	1	0	0
2456.0	0	0	0	1
2459.0	0	1	0	0
2475.0	0	1	0	0
2498.0	0	0	0	1
2504.0	0	1	0	0
2528.0	0	0	0	1
2540.0	0	0	0	1
2564.0	0	1	0	0
2567.0	0	1	0	0
2568.0	0	0	0	1
2579.0	0	1	0	0
2623.0	0	0	0	1
2631.0	0	0	0	1
2632.0	0	0	0	1
2639.0	0	1	0	0
2650.0	0	1	0	0
2662.0	0	1	0	0
2688.0	0	0	0	1
2705.0	0	1	0	0
2716.0	0	0	0	1
2719.0	0	0	0	1
2731.0	0	1	0	0
2737.0	0	0	0	1
2739.0	0	1	0	0
2744.0	0	0	0	1
2751.0	0	1	0	1
2759.0	0	1	0	0
2764.0	0	1	0	0
2785.0	0	0	0	1
2793.0	0	1	0	0
2800.0	0	0	0	1
2817.0	0	1	0	0
2853.0	0	0	0	1
2875.0	0	1	0	0
2937.0	0	0	0	1
2950.0	0	1	0	0
3009.0	0	0	0	1
3030.0	0	1	0	1
3035.0	0	0	0	1
3051.0	0	1	0	0
3055.0	0	1	0	0
3091.0	0	0	0	1
3101.0	0	1	0	0
3141.0	0	0	0	1
3152.0	0	1	0	0
3190.0	0	0	0	1
3219.0	0	1	0	0
3256.0	0	0	0	1
3294.0	0	1	0	0
3303.0	0	0	0	1
3321.0	0	1	0	0
3350.0	0	0	0	1
3391.0	0	1	0	0
3406.0	0	0	0	1
3419.0	0	1	0	0
3479.0	0	0	0	1
3512.0	0	1	0	0
3699.0	0	0	0	1
3722.0	0	1	0	0
4206.0	0	0	0	1
4240.0	0	1	0	0
4526.0	0	0	0	1
4539.0	0	0	0	1
4552.0	0	1	0	0
4558.0	0	1	0	0
4650.0	0	0	0	1
4677.0	0	1	0	0
4770.0	0	0	0	1
4809.0	0	1	0	0
4841.0	0	0	0	1
4842.0	0	0	0	1
4854.0	0	1	0	0
4856.0	0	1	0	0
4940.0	0	0	0	1
4957.0	0	1	0	0
4987.0	0	0	0	1
5012.0	0	1	0	0
5371.0	0	0	0	1
5429.0	0	1	0	0
5460.0	0	0	0	1
5485.0	0	1	0	0
5503.0	0	0	0	1
5543.0	0	1	0	0
6052.0	0	0	0	1
6101.0	0	1	0	0
6173.0	0	0	0	1
6275.0	0	1	0	0
6379.0	0	0	0	1
6401.0	0	1	0	0
6442.0	0	0	0	1
6487.0	0	1	0	0
7859.0	0	0	0	1
7900.0	0	1	0	0
9645.0	0	0	0	1
9747.0	0	1	0	0
10309.0	0	0	0	1
10372.0	0	1	0	0

