## htsjdk.samtools.metrics.StringHeader
# MarkDuplicates INPUT=[/beegfs/scratch/ric.sessa/kubacki.michal/SRF_Eva/results/04_filtered/TEAD1-1_with_rg.bam] OUTPUT=/beegfs/scratch/ric.sessa/kubacki.michal/SRF_Eva/results/04_filtered/TEAD1-1_dedup.bam METRICS_FILE=/beegfs/scratch/ric.sessa/kubacki.michal/SRF_Eva/results/04_filtered/TEAD1-1_dedup_metrics.txt REMOVE_DUPLICATES=true ASSUME_SORTED=true CREATE_INDEX=true    MAX_SEQUENCES_FOR_DISK_READ_ENDS_MAP=50000 MAX_FILE_HANDLES_FOR_READ_ENDS_MAP=8000 SORTING_COLLECTION_SIZE_RATIO=0.25 TAG_DUPLICATE_SET_MEMBERS=false REMOVE_SEQUENCING_DUPLICATES=false TAGGING_POLICY=DontTag CLEAR_DT=true DUPLEX_UMI=false FLOW_MODE=false FLOW_DUP_STRATEGY=FLOW_QUALITY_SUM_STRATEGY FLOW_USE_END_IN_UNPAIRED_READS=false FLOW_USE_UNPAIRED_CLIPPED_END=false FLOW_UNPAIRED_END_UNCERTAINTY=0 FLOW_UNPAIRED_START_UNCERTAINTY=0 FLOW_SKIP_FIRST_N_FLOWS=0 FLOW_Q_IS_KNOWN_END=false FLOW_EFFECTIVE_QUALITY_THRESHOLD=15 ADD_PG_TAG_TO_READS=true DUPLICATE_SCORING_STRATEGY=SUM_OF_BASE_QUALITIES PROGRAM_RECORD_ID=MarkDuplicates PROGRAM_GROUP_NAME=MarkDuplicates READ_NAME_REGEX=<optimized capture of last three ':' separated fields as numeric values> OPTICAL_DUPLICATE_PIXEL_DISTANCE=100 MAX_OPTICAL_DUPLICATE_SET_SIZE=300000 VERBOSITY=INFO QUIET=false VALIDATION_STRINGENCY=STRICT COMPRESSION_LEVEL=5 MAX_RECORDS_IN_RAM=500000 CREATE_MD5_FILE=false USE_JDK_DEFLATER=false USE_JDK_INFLATER=false
## htsjdk.samtools.metrics.StringHeader
# Started on: Fri Aug 29 17:56:55 CEST 2025

## METRICS CLASS	picard.sam.DuplicationMetrics
LIBRARY	UNPAIRED_READS_EXAMINED	READ_PAIRS_EXAMINED	SECONDARY_OR_SUPPLEMENTARY_RDS	UNMAPPED_READS	UNPAIRED_READ_DUPLICATES	READ_PAIR_DUPLICATES	READ_PAIR_OPTICAL_DUPLICATES	PERCENT_DUPLICATION	ESTIMATED_LIBRARY_SIZE
lib1	0	56134193	0	362229844	0	53268065	940647	0.948941	2866128

## HISTOGRAM	java.lang.Double
BIN	CoverageMult	all_sets	optical_sets	non_optical_sets
1.0	1	556043	0	609294
2.0	1	287160	452552	288637
3.0	1	205371	105147	200587
4.0	1	159592	29170	153213
5.0	1	128266	10770	122568
6.0	1	106434	5040	101314
7.0	1	89641	2974	85469
8.0	1	77627	1929	74100
9.0	1	67966	1355	65897
10.0	1	60714	994	58177
11.0	1	54444	731	52633
12.0	1	49090	580	47595
13.0	1	45234	430	43479
14.0	1	41201	377	40109
15.0	1	38191	278	37418
16.0	1	35864	245	34832
17.0	1	33558	197	32882
18.0	1	31122	159	30474
19.0	1	29439	154	28893
20.0	1	27825	120	27288
21.0	1	26625	97	26257
22.0	1	25487	106	24857
23.0	1	24232	79	23927
24.0	1	22659	58	22265
25.0	1	21886	49	21638
26.0	1	21073	43	20652
27.0	1	20292	34	19977
28.0	1	19571	42	19325
29.0	1	18741	34	18400
30.0	1	17909	32	17829
31.0	1	17289	19	17069
32.0	1	16615	29	16375
33.0	1	16021	24	15938
34.0	1	15711	23	15433
35.0	1	15236	12	15069
36.0	1	14559	20	14534
37.0	1	14372	11	14124
38.0	1	13834	13	13824
39.0	1	13604	11	13441
40.0	1	13018	12	12880
41.0	1	12556	7	12339
42.0	1	12149	7	12001
43.0	1	11875	8	11959
44.0	1	11702	8	11469
45.0	1	11224	7	11179
46.0	1	11120	9	10917
47.0	1	10761	6	10737
48.0	1	10224	2	10124
49.0	1	10098	6	9938
50.0	1	9829	3	9726
51.0	1	9478	4	9415
52.0	1	9254	5	9251
53.0	1	9067	4	9049
54.0	1	8730	3	8532
55.0	1	8544	2	8425
56.0	1	8102	4	8064
57.0	1	7971	2	7925
58.0	1	7917	3	7768
59.0	1	7354	6	7389
60.0	1	7459	2	7323
61.0	1	7086	3	7037
62.0	1	6896	3	6777
63.0	1	6791	3	6710
64.0	1	6475	0	6452
65.0	1	6245	2	6080
66.0	1	5970	0	5927
67.0	1	5855	3	5646
68.0	1	5457	0	5355
69.0	1	5171	4	5271
70.0	1	5159	3	5046
71.0	1	4968	2	4808
72.0	1	4591	0	4637
73.0	1	4505	1	4333
74.0	1	4235	1	4184
75.0	1	4004	2	3941
76.0	1	3903	3	3831
77.0	1	3640	2	3498
78.0	1	3357	1	3377
79.0	1	3321	0	3218
80.0	1	3054	0	3068
81.0	1	2897	0	2836
82.0	1	2760	0	2691
83.0	1	2510	0	2459
84.0	1	2397	0	2325
85.0	1	2230	0	2137
86.0	1	2001	1	2009
87.0	1	1986	1	1881
88.0	1	1932	0	1834
89.0	1	1620	0	1572
90.0	1	1573	1	1557
91.0	1	1521	1	1443
92.0	1	1302	1	1252
93.0	1	1257	2	1291
94.0	1	1266	1	1208
95.0	1	1133	1	1120
96.0	1	1072	1	994
97.0	1	969	0	936
98.0	1	900	0	901
99.0	1	900	1	884
100.0	1	825	0	752
101.0	0	773	0	744
102.0	0	732	0	711
103.0	0	685	1	666
104.0	0	653	1	653
105.0	0	590	0	567
106.0	0	571	0	561
107.0	0	552	0	529
108.0	0	505	0	518
109.0	0	492	1	517
110.0	0	516	0	460
111.0	0	492	0	447
112.0	0	462	0	481
113.0	0	449	0	425
114.0	0	441	0	420
115.0	0	371	0	364
116.0	0	383	0	374
117.0	0	347	0	367
118.0	0	398	0	342
119.0	0	341	0	362
120.0	0	343	0	332
121.0	0	361	1	385
122.0	0	340	0	322
123.0	0	343	1	346
124.0	0	343	1	322
125.0	0	315	0	311
126.0	0	318	0	311
127.0	0	304	0	297
128.0	0	290	0	306
129.0	0	302	0	291
130.0	0	309	0	308
131.0	0	309	0	292
132.0	0	291	0	295
133.0	0	272	0	273
134.0	0	301	0	271
135.0	0	264	0	252
136.0	0	256	0	268
137.0	0	285	0	263
138.0	0	260	0	265
139.0	0	227	0	221
140.0	0	252	0	235
141.0	0	226	0	225
142.0	0	238	0	213
143.0	0	222	0	227
144.0	0	204	0	218
145.0	0	239	0	221
146.0	0	194	0	225
147.0	0	239	0	226
148.0	0	215	0	214
149.0	0	227	0	199
150.0	0	218	0	223
151.0	0	190	0	181
152.0	0	200	0	200
153.0	0	187	0	194
154.0	0	181	0	203
155.0	0	203	0	203
156.0	0	214	0	187
157.0	0	198	0	181
158.0	0	165	0	193
159.0	0	203	0	191
160.0	0	192	1	201
161.0	0	208	0	173
162.0	0	174	0	195
163.0	0	172	0	176
164.0	0	201	0	186
165.0	0	185	0	163
166.0	0	155	0	187
167.0	0	163	0	150
168.0	0	180	1	162
169.0	0	176	0	152
170.0	0	149	0	161
171.0	0	160	0	155
172.0	0	162	0	134
173.0	0	150	0	167
174.0	0	151	0	142
175.0	0	119	0	145
176.0	0	143	0	140
177.0	0	164	0	142
178.0	0	155	0	153
179.0	0	159	0	132
180.0	0	140	0	134
181.0	0	120	0	123
182.0	0	133	0	134
183.0	0	122	0	137
184.0	0	135	0	114
185.0	0	133	0	121
186.0	0	122	1	115
187.0	0	123	0	118
188.0	0	133	0	128
189.0	0	107	0	122
190.0	0	126	0	126
191.0	0	132	0	108
192.0	0	108	0	101
193.0	0	114	0	114
194.0	0	107	0	98
195.0	0	105	0	121
196.0	0	96	0	113
197.0	0	97	0	119
198.0	0	93	0	98
199.0	0	119	0	104
200.0	0	106	0	95
201.0	0	98	0	92
202.0	0	95	0	106
203.0	0	106	0	103
204.0	0	101	0	92
205.0	0	88	0	93
206.0	0	114	0	110
207.0	0	112	0	100
208.0	0	101	0	102
209.0	0	90	0	90
210.0	0	98	0	105
211.0	0	102	0	95
212.0	0	105	0	87
213.0	0	104	0	101
214.0	0	95	0	92
215.0	0	72	0	92
216.0	0	78	0	81
217.0	0	85	0	87
218.0	0	108	0	98
219.0	0	92	0	85
220.0	0	89	0	82
221.0	0	90	0	87
222.0	0	77	0	92
223.0	0	87	0	78
224.0	0	77	0	75
225.0	0	86	0	78
226.0	0	90	0	95
227.0	0	73	0	86
228.0	0	82	0	79
229.0	0	71	0	89
230.0	0	87	0	76
231.0	0	74	0	66
232.0	0	76	0	73
233.0	0	89	0	79
234.0	0	66	0	69
235.0	0	66	0	57
236.0	0	60	0	67
237.0	0	77	0	80
238.0	0	95	0	81
239.0	0	55	0	70
240.0	0	83	0	74
241.0	0	85	0	69
242.0	0	67	0	64
243.0	0	70	0	82
244.0	0	57	0	61
245.0	0	68	0	51
246.0	0	81	0	72
247.0	0	54	0	76
248.0	0	67	0	65
249.0	0	63	0	54
250.0	0	70	0	71
251.0	0	60	0	59
252.0	0	75	0	76
253.0	0	62	0	57
254.0	0	62	0	59
255.0	0	68	0	71
256.0	0	67	0	50
257.0	0	53	0	65
258.0	0	56	0	50
259.0	0	52	0	68
260.0	0	59	0	74
261.0	0	60	0	56
262.0	0	68	0	41
263.0	0	69	0	51
264.0	0	58	0	54
265.0	0	57	0	55
266.0	0	64	0	61
267.0	0	51	0	59
268.0	0	63	0	57
269.0	0	43	0	34
270.0	0	65	0	57
271.0	0	55	0	67
272.0	0	57	0	55
273.0	0	47	0	47
274.0	0	56	0	52
275.0	0	56	0	59
276.0	0	57	0	63
277.0	0	45	0	48
278.0	0	48	0	40
279.0	0	58	0	54
280.0	0	44	0	54
281.0	0	51	0	52
282.0	0	45	0	49
283.0	0	54	0	43
284.0	0	61	0	40
285.0	0	45	0	61
286.0	0	50	0	42
287.0	0	41	0	44
288.0	0	50	0	43
289.0	0	49	0	59
290.0	0	43	0	42
291.0	0	49	0	41
292.0	0	46	0	41
293.0	0	32	0	46
294.0	0	38	0	49
295.0	0	46	0	51
296.0	0	59	0	58
297.0	0	49	0	51
298.0	0	49	0	42
299.0	0	37	0	44
300.0	0	40	0	40
301.0	0	48	1	36
302.0	0	44	0	39
303.0	0	43	0	32
304.0	0	43	0	37
305.0	0	30	0	41
306.0	0	34	0	49
307.0	0	38	0	37
308.0	0	40	0	48
309.0	0	57	0	41
310.0	0	47	0	43
311.0	0	40	0	53
312.0	0	38	0	50
313.0	0	60	0	47
314.0	0	52	0	38
315.0	0	47	0	41
316.0	0	34	0	49
317.0	0	42	0	38
318.0	0	48	0	31
319.0	0	33	0	40
320.0	0	33	0	34
321.0	0	37	0	40
322.0	0	45	0	37
323.0	0	38	0	26
324.0	0	40	0	49
325.0	0	39	0	41
326.0	0	30	0	25
327.0	0	38	0	37
328.0	0	35	0	30
329.0	0	47	0	44
330.0	0	31	0	34
331.0	0	37	0	34
332.0	0	32	0	31
333.0	0	46	0	34
334.0	0	27	0	32
335.0	0	30	0	35
336.0	0	29	0	33
337.0	0	25	0	30
338.0	0	31	0	33
339.0	0	24	0	39
340.0	0	33	0	27
341.0	0	30	0	35
342.0	0	41	0	42
343.0	0	43	0	35
344.0	0	35	0	37
345.0	0	41	0	39
346.0	0	43	0	32
347.0	0	40	0	34
348.0	0	35	0	36
349.0	0	32	0	27
350.0	0	32	0	28
351.0	0	38	0	36
352.0	0	26	0	30
353.0	0	31	0	27
354.0	0	33	0	30
355.0	0	36	0	26
356.0	0	31	0	38
357.0	0	34	0	32
358.0	0	22	0	31
359.0	0	30	0	33
360.0	0	30	0	32
361.0	0	24	0	25
362.0	0	28	0	31
363.0	0	22	0	29
364.0	0	31	0	28
365.0	0	32	0	22
366.0	0	23	0	35
367.0	0	29	0	27
368.0	0	32	0	27
369.0	0	36	0	34
370.0	0	36	0	16
371.0	0	27	0	27
372.0	0	16	0	31
373.0	0	33	0	30
374.0	0	24	0	22
375.0	0	27	0	24
376.0	0	27	0	21
377.0	0	31	0	35
378.0	0	25	0	29
379.0	0	28	0	28
380.0	0	31	0	28
381.0	0	26	0	28
382.0	0	21	0	27
383.0	0	27	0	25
384.0	0	28	0	27
385.0	0	25	0	18
386.0	0	24	0	25
387.0	0	33	0	23
388.0	0	25	0	20
389.0	0	23	0	27
390.0	0	20	0	23
391.0	0	23	0	28
392.0	0	19	0	27
393.0	0	25	0	26
394.0	0	27	0	20
395.0	0	28	0	25
396.0	0	19	0	25
397.0	0	21	0	26
398.0	0	24	0	22
399.0	0	30	0	19
400.0	0	26	0	30
401.0	0	28	0	27
402.0	0	25	0	30
403.0	0	24	0	27
404.0	0	18	0	23
405.0	0	22	0	21
406.0	0	20	0	29
407.0	0	40	0	19
408.0	0	23	0	24
409.0	0	29	0	15
410.0	0	13	0	21
411.0	0	18	0	21
412.0	0	18	0	13
413.0	0	19	0	19
414.0	0	28	0	17
415.0	0	27	0	19
416.0	0	16	0	17
417.0	0	22	0	24
418.0	0	18	0	32
419.0	0	26	0	20
420.0	0	15	0	25
421.0	0	22	0	23
422.0	0	21	0	23
423.0	0	24	0	16
424.0	0	17	0	22
425.0	0	19	0	20
426.0	0	20	0	20
427.0	0	24	0	23
428.0	0	26	0	25
429.0	0	21	0	22
430.0	0	22	0	25
431.0	0	19	0	17
432.0	0	27	0	19
433.0	0	18	0	26
434.0	0	22	0	16
435.0	0	10	0	18
436.0	0	20	0	16
437.0	0	17	0	22
438.0	0	25	0	19
439.0	0	23	0	18
440.0	0	21	0	19
441.0	0	22	0	25
442.0	0	13	0	14
443.0	0	22	0	16
444.0	0	22	0	23
445.0	0	21	0	15
446.0	0	18	0	24
447.0	0	16	0	19
448.0	0	18	0	24
449.0	0	23	0	18
450.0	0	18	0	17
451.0	0	21	0	17
452.0	0	20	0	26
453.0	0	25	0	17
454.0	0	19	0	18
455.0	0	19	0	16
456.0	0	15	0	21
457.0	0	16	0	20
458.0	0	22	0	17
459.0	0	17	0	20
460.0	0	18	0	11
461.0	0	17	0	16
462.0	0	20	0	16
463.0	0	17	0	21
464.0	0	13	0	14
465.0	0	10	0	13
466.0	0	23	0	22
467.0	0	16	0	19
468.0	0	22	0	20
469.0	0	19	0	11
470.0	0	19	0	19
471.0	0	18	0	12
472.0	0	13	0	21
473.0	0	18	0	20
474.0	0	21	0	22
475.0	0	25	0	11
476.0	0	20	0	11
477.0	0	18	0	18
478.0	0	16	0	16
479.0	0	13	0	15
480.0	0	15	0	9
481.0	0	13	0	16
482.0	0	17	0	13
483.0	0	10	0	23
484.0	0	14	0	15
485.0	0	12	0	17
486.0	0	15	0	14
487.0	0	13	0	20
488.0	0	22	0	19
489.0	0	18	0	16
490.0	0	12	0	14
491.0	0	14	0	16
492.0	0	12	0	12
493.0	0	19	0	23
494.0	0	19	0	20
495.0	0	18	0	14
496.0	0	19	0	23
497.0	0	19	0	21
498.0	0	21	0	10
499.0	0	10	0	19
500.0	0	15	0	17
501.0	0	14	0	16
502.0	0	19	0	21
503.0	0	21	0	7
504.0	0	17	0	23
505.0	0	19	0	7
506.0	0	14	0	14
507.0	0	18	0	21
508.0	0	13	0	12
509.0	0	15	0	15
510.0	0	18	0	13
511.0	0	8	0	9
512.0	0	9	0	13
513.0	0	14	0	15
514.0	0	18	0	18
515.0	0	22	0	15
516.0	0	12	0	16
517.0	0	18	0	15
518.0	0	11	0	12
519.0	0	19	0	13
520.0	0	16	0	15
521.0	0	5	0	21
522.0	0	10	0	16
523.0	0	20	0	12
524.0	0	13	0	17
525.0	0	17	0	17
526.0	0	15	0	13
527.0	0	13	0	14
528.0	0	10	0	13
529.0	0	12	0	17
530.0	0	23	0	20
531.0	0	10	0	11
532.0	0	16	0	19
533.0	0	30	0	8
534.0	0	13	0	11
535.0	0	18	0	17
536.0	0	16	0	11
537.0	0	9	0	14
538.0	0	9	0	25
539.0	0	18	0	10
540.0	0	22	0	16
541.0	0	12	0	22
542.0	0	11	0	8
543.0	0	13	0	8
544.0	0	14	0	14
545.0	0	10	0	13
546.0	0	9	0	12
547.0	0	9	0	5
548.0	0	8	0	10
549.0	0	17	0	17
550.0	0	12	0	11
551.0	0	15	0	10
552.0	0	8	0	11
553.0	0	8	0	17
554.0	0	10	0	9
555.0	0	14	0	17
556.0	0	15	0	8
557.0	0	14	0	11
558.0	0	17	0	8
559.0	0	11	0	8
560.0	0	6	0	12
561.0	0	4	0	9
562.0	0	15	0	12
563.0	0	14	0	14
564.0	0	12	0	16
565.0	0	17	0	11
566.0	0	12	0	15
567.0	0	10	0	11
568.0	0	14	0	17
569.0	0	9	0	12
570.0	0	13	0	12
571.0	0	13	0	15
572.0	0	13	0	4
573.0	0	11	0	11
574.0	0	13	0	13
575.0	0	7	0	9
576.0	0	11	0	12
577.0	0	17	0	10
578.0	0	6	0	11
579.0	0	11	0	5
580.0	0	10	0	9
581.0	0	6	0	11
582.0	0	8	0	10
583.0	0	10	0	15
584.0	0	11	0	14
585.0	0	12	0	15
586.0	0	11	0	9
587.0	0	9	0	5
588.0	0	14	0	11
589.0	0	15	0	12
590.0	0	16	0	13
591.0	0	10	0	16
592.0	0	11	0	16
593.0	0	13	0	12
594.0	0	7	0	14
595.0	0	13	0	8
596.0	0	11	0	11
597.0	0	14	0	8
598.0	0	12	0	11
599.0	0	13	0	8
600.0	0	14	0	16
601.0	0	10	0	15
602.0	0	11	0	9
603.0	0	12	0	9
604.0	0	10	0	10
605.0	0	17	0	9
606.0	0	10	0	8
607.0	0	7	0	15
608.0	0	11	0	11
609.0	0	11	0	8
610.0	0	8	0	12
611.0	0	19	0	4
612.0	0	10	0	8
613.0	0	11	0	12
614.0	0	10	0	12
615.0	0	5	0	9
616.0	0	9	0	10
617.0	0	12	0	8
618.0	0	14	0	12
619.0	0	6	0	7
620.0	0	6	0	14
621.0	0	3	0	12
622.0	0	13	0	10
623.0	0	7	0	10
624.0	0	10	0	8
625.0	0	18	0	7
626.0	0	11	0	6
627.0	0	7	0	16
628.0	0	8	0	5
629.0	0	8	0	9
630.0	0	9	0	13
631.0	0	11	0	12
632.0	0	11	0	12
633.0	0	9	0	6
634.0	0	7	0	10
635.0	0	11	0	10
636.0	0	11	0	10
637.0	0	12	0	6
638.0	0	10	0	9
639.0	0	12	0	8
640.0	0	12	0	11
641.0	0	7	0	11
642.0	0	11	0	7
643.0	0	8	0	3
644.0	0	9	0	10
645.0	0	8	0	6
646.0	0	8	0	13
647.0	0	10	0	4
648.0	0	4	0	6
649.0	0	7	0	11
650.0	0	7	0	10
651.0	0	3	0	11
652.0	0	12	0	7
653.0	0	9	0	6
654.0	0	7	0	6
655.0	0	7	0	9
656.0	0	7	0	11
657.0	0	6	0	11
658.0	0	13	0	5
659.0	0	7	0	5
660.0	0	4	0	9
661.0	0	8	0	6
662.0	0	9	0	9
663.0	0	10	0	9
664.0	0	12	0	7
665.0	0	6	0	4
666.0	0	11	0	11
667.0	0	5	0	12
668.0	0	9	0	8
669.0	0	8	0	7
670.0	0	9	0	8
671.0	0	11	0	11
672.0	0	6	0	5
673.0	0	11	0	9
674.0	0	9	0	8
675.0	0	6	0	2
676.0	0	11	0	7
677.0	0	4	0	5
678.0	0	4	0	8
679.0	0	8	0	4
680.0	0	7	0	5
681.0	0	5	0	10
682.0	0	6	0	8
683.0	0	6	0	13
684.0	0	7	0	5
685.0	0	6	0	6
686.0	0	5	0	7
687.0	0	9	0	8
688.0	0	8	0	6
689.0	0	13	0	5
690.0	0	3	0	5
691.0	0	8	0	4
692.0	0	6	0	7
693.0	0	5	0	4
694.0	0	7	0	4
695.0	0	8	0	6
696.0	0	5	0	4
697.0	0	7	0	4
698.0	0	4	0	9
699.0	0	9	0	6
700.0	0	5	0	8
701.0	0	5	0	7
702.0	0	8	0	7
703.0	0	6	0	11
704.0	0	5	0	6
705.0	0	5	0	5
706.0	0	4	0	13
707.0	0	8	0	7
708.0	0	8	0	14
709.0	0	8	0	14
710.0	0	11	0	6
711.0	0	5	0	5
712.0	0	6	0	6
713.0	0	8	0	9
714.0	0	9	0	3
715.0	0	5	0	6
716.0	0	10	0	6
717.0	0	12	0	6
718.0	0	6	0	6
719.0	0	8	0	11
720.0	0	4	0	8
721.0	0	8	0	5
722.0	0	7	0	8
723.0	0	3	0	7
724.0	0	9	0	8
725.0	0	5	0	5
726.0	0	11	0	8
727.0	0	6	0	3
728.0	0	9	0	8
729.0	0	5	0	2
730.0	0	8	0	7
731.0	0	4	0	6
732.0	0	5	0	4
733.0	0	4	0	9
734.0	0	5	0	5
735.0	0	5	0	5
736.0	0	4	0	5
737.0	0	8	0	8
738.0	0	5	0	12
739.0	0	5	0	5
740.0	0	4	0	4
741.0	0	9	0	8
742.0	0	13	0	6
743.0	0	12	0	7
744.0	0	6	0	7
745.0	0	7	0	4
746.0	0	9	0	6
747.0	0	5	0	8
748.0	0	8	0	10
749.0	0	4	0	5
750.0	0	9	0	5
751.0	0	8	0	5
752.0	0	8	0	6
753.0	0	4	0	4
754.0	0	10	0	7
755.0	0	5	0	5
756.0	0	3	0	9
757.0	0	4	0	9
758.0	0	4	0	5
759.0	0	4	0	4
760.0	0	5	0	7
761.0	0	6	0	3
762.0	0	5	0	8
763.0	0	3	0	8
764.0	0	4	0	4
765.0	0	5	0	4
766.0	0	6	0	8
767.0	0	6	0	5
768.0	0	9	0	6
769.0	0	6	0	10
770.0	0	7	0	5
771.0	0	6	0	3
772.0	0	5	0	9
773.0	0	11	0	5
774.0	0	5	0	2
775.0	0	8	0	5
776.0	0	7	0	3
777.0	0	3	0	2
778.0	0	3	0	10
779.0	0	8	0	2
780.0	0	6	0	5
781.0	0	7	0	4
782.0	0	4	0	5
783.0	0	5	0	9
784.0	0	8	0	2
785.0	0	2	0	4
786.0	0	3	0	12
787.0	0	5	0	8
788.0	0	8	0	5
789.0	0	5	0	8
790.0	0	5	0	2
791.0	0	3	0	1
792.0	0	6	0	5
793.0	0	5	0	6
794.0	0	7	0	5
795.0	0	5	0	3
796.0	0	4	0	8
797.0	0	7	0	8
798.0	0	4	0	4
799.0	0	3	0	6
800.0	0	5	0	6
801.0	0	6	0	7
802.0	0	8	0	3
803.0	0	2	0	6
804.0	0	8	0	4
805.0	0	4	0	2
806.0	0	4	0	10
807.0	0	8	0	5
808.0	0	6	0	6
809.0	0	4	0	9
810.0	0	4	0	5
811.0	0	8	0	2
812.0	0	1	0	3
813.0	0	5	0	8
814.0	0	4	0	0
815.0	0	9	0	8
816.0	0	5	0	4
817.0	0	7	0	7
818.0	0	6	0	6
819.0	0	6	0	7
820.0	0	4	0	2
821.0	0	2	0	3
822.0	0	4	0	7
823.0	0	5	0	4
824.0	0	5	0	6
825.0	0	0	0	8
826.0	0	7	0	4
828.0	0	7	0	6
829.0	0	5	0	6
830.0	0	5	0	4
831.0	0	8	0	4
832.0	0	6	0	2
833.0	0	7	0	3
834.0	0	8	0	4
835.0	0	3	0	2
836.0	0	2	0	9
837.0	0	3	0	3
838.0	0	3	0	5
839.0	0	5	0	5
840.0	0	6	0	7
841.0	0	3	0	3
842.0	0	5	0	1
843.0	0	4	0	4
844.0	0	6	0	6
845.0	0	5	0	4
846.0	0	5	0	5
847.0	0	2	0	4
848.0	0	4	0	7
849.0	0	8	0	8
850.0	0	3	0	4
851.0	0	3	0	9
852.0	0	4	0	4
853.0	0	1	0	8
854.0	0	6	0	7
855.0	0	4	0	3
856.0	0	6	0	7
857.0	0	2	0	6
858.0	0	10	0	5
859.0	0	7	0	5
860.0	0	10	0	3
861.0	0	2	0	1
862.0	0	6	0	4
863.0	0	4	0	7
864.0	0	7	0	6
865.0	0	3	0	7
866.0	0	9	0	3
867.0	0	6	0	6
868.0	0	2	0	7
869.0	0	6	0	2
870.0	0	4	0	4
871.0	0	8	0	1
872.0	0	4	0	4
873.0	0	6	0	7
874.0	0	6	0	3
875.0	0	4	0	6
876.0	0	7	0	3
877.0	0	2	0	5
878.0	0	3	0	6
879.0	0	4	0	7
880.0	0	5	0	6
881.0	0	4	0	4
882.0	0	4	0	6
883.0	0	4	0	2
884.0	0	4	0	1
885.0	0	4	0	3
886.0	0	5	0	3
887.0	0	5	0	4
888.0	0	7	0	3
889.0	0	1	0	0
890.0	0	4	0	3
891.0	0	4	0	1
892.0	0	5	0	2
893.0	0	2	0	6
894.0	0	0	0	6
895.0	0	3	0	3
896.0	0	3	0	3
897.0	0	4	0	7
898.0	0	3	0	3
899.0	0	4	0	5
900.0	0	7	0	6
901.0	0	3	0	0
902.0	0	3	0	3
903.0	0	5	0	5
904.0	0	2	0	9
905.0	0	2	0	5
906.0	0	2	0	3
907.0	0	5	0	9
908.0	0	4	0	4
909.0	0	3	0	8
910.0	0	6	0	2
911.0	0	5	0	9
912.0	0	5	0	5
913.0	0	8	0	7
914.0	0	8	0	4
915.0	0	4	0	5
916.0	0	5	0	3
917.0	0	6	0	4
918.0	0	6	0	4
919.0	0	4	0	2
920.0	0	5	0	2
921.0	0	6	0	4
922.0	0	5	0	6
923.0	0	6	0	9
924.0	0	8	0	4
925.0	0	3	0	3
926.0	0	4	0	2
927.0	0	4	0	1
928.0	0	1	0	6
929.0	0	7	0	2
930.0	0	5	0	6
931.0	0	7	0	3
932.0	0	3	0	2
933.0	0	3	0	4
934.0	0	3	0	1
935.0	0	1	0	7
936.0	0	7	0	0
937.0	0	5	0	2
938.0	0	3	0	2
939.0	0	2	0	4
940.0	0	2	0	3
941.0	0	2	0	8
942.0	0	0	0	1
943.0	0	1	0	1
944.0	0	3	0	2
945.0	0	0	0	1
946.0	0	4	0	5
947.0	0	3	0	2
948.0	0	3	0	2
949.0	0	4	0	6
950.0	0	3	0	5
951.0	0	2	0	5
952.0	0	3	0	5
953.0	0	4	0	2
954.0	0	4	0	6
955.0	0	6	0	4
956.0	0	7	0	3
957.0	0	6	0	2
958.0	0	4	0	1
959.0	0	5	0	6
960.0	0	1	0	4
961.0	0	2	0	4
962.0	0	3	0	3
963.0	0	2	0	4
964.0	0	4	0	2
965.0	0	4	0	5
966.0	0	4	0	2
967.0	0	2	0	5
968.0	0	4	0	6
969.0	0	5	0	1
970.0	0	4	0	1
971.0	0	3	0	3
972.0	0	4	0	4
973.0	0	2	0	2
974.0	0	2	0	5
975.0	0	4	0	3
976.0	0	0	0	2
977.0	0	6	0	2
978.0	0	3	0	3
979.0	0	3	0	3
980.0	0	3	0	3
981.0	0	4	0	10
982.0	0	6	0	4
983.0	0	2	0	4
984.0	0	5	0	6
985.0	0	3	0	3
986.0	0	4	0	2
987.0	0	4	0	5
988.0	0	3	0	4
989.0	0	6	0	2
990.0	0	5	0	2
991.0	0	3	0	4
992.0	0	3	0	4
993.0	0	7	0	4
994.0	0	3	0	5
995.0	0	1	0	6
996.0	0	3	0	1
997.0	0	6	0	4
998.0	0	0	0	1
999.0	0	3	0	2
1000.0	0	7	0	5
1001.0	0	2	0	3
1002.0	0	4	0	3
1003.0	0	2	0	7
1005.0	0	3	0	1
1006.0	0	4	0	2
1007.0	0	4	0	2
1008.0	0	6	0	3
1009.0	0	1	0	4
1010.0	0	7	0	4
1011.0	0	2	0	1
1012.0	0	6	0	4
1013.0	0	1	0	1
1014.0	0	6	0	5
1015.0	0	3	0	4
1016.0	0	1	0	1
1017.0	0	2	0	4
1018.0	0	2	0	5
1019.0	0	2	0	2
1020.0	0	5	0	5
1021.0	0	2	0	4
1022.0	0	0	0	6
1023.0	0	4	0	3
1024.0	0	3	0	3
1025.0	0	4	0	2
1026.0	0	4	0	0
1027.0	0	5	0	2
1028.0	0	0	0	1
1029.0	0	2	0	2
1030.0	0	2	0	3
1031.0	0	5	0	2
1032.0	0	3	0	4
1033.0	0	1	0	1
1034.0	0	4	0	2
1035.0	0	2	0	3
1036.0	0	1	0	2
1037.0	0	1	0	0
1038.0	0	4	0	2
1039.0	0	3	0	4
1040.0	0	1	0	2
1041.0	0	2	0	3
1042.0	0	2	0	4
1043.0	0	5	0	3
1044.0	0	2	0	5
1045.0	0	3	0	1
1046.0	0	4	0	3
1047.0	0	4	0	3
1048.0	0	1	0	2
1049.0	0	2	0	4
1050.0	0	4	0	1
1051.0	0	1	0	4
1052.0	0	7	0	5
1053.0	0	1	0	3
1054.0	0	3	0	4
1055.0	0	2	0	1
1056.0	0	3	0	1
1057.0	0	3	0	5
1058.0	0	3	0	4
1059.0	0	1	0	2
1060.0	0	1	0	1
1061.0	0	2	0	3
1062.0	0	1	0	4
1063.0	0	3	0	3
1064.0	0	1	0	4
1065.0	0	6	0	3
1066.0	0	1	0	2
1067.0	0	4	0	4
1068.0	0	2	0	2
1069.0	0	4	0	5
1070.0	0	4	0	4
1071.0	0	4	0	4
1072.0	0	4	0	5
1073.0	0	3	0	3
1074.0	0	5	0	1
1075.0	0	5	0	4
1076.0	0	0	0	8
1077.0	0	7	0	5
1078.0	0	4	0	2
1079.0	0	5	0	1
1080.0	0	5	0	0
1081.0	0	2	0	3
1082.0	0	1	0	4
1083.0	0	1	0	3
1084.0	0	1	0	1
1085.0	0	2	0	4
1086.0	0	2	0	2
1087.0	0	1	0	4
1088.0	0	2	0	1
1089.0	0	1	0	6
1090.0	0	7	0	1
1091.0	0	9	0	2
1092.0	0	6	0	4
1093.0	0	2	0	3
1094.0	0	4	0	2
1095.0	0	1	0	1
1096.0	0	2	0	2
1097.0	0	1	0	3
1098.0	0	1	0	4
1099.0	0	1	0	3
1100.0	0	2	0	1
1101.0	0	5	0	6
1102.0	0	3	0	4
1103.0	0	6	0	4
1104.0	0	4	0	3
1105.0	0	3	0	3
1106.0	0	3	0	1
1107.0	0	3	0	2
1108.0	0	5	0	5
1109.0	0	5	0	4
1110.0	0	4	0	2
1111.0	0	0	0	2
1112.0	0	5	0	2
1113.0	0	3	0	1
1114.0	0	0	0	3
1115.0	0	1	0	0
1116.0	0	1	0	1
1117.0	0	3	0	2
1118.0	0	4	0	3
1119.0	0	1	0	2
1120.0	0	2	0	0
1121.0	0	2	0	3
1122.0	0	4	0	2
1123.0	0	3	0	1
1124.0	0	2	0	1
1125.0	0	1	0	3
1126.0	0	2	0	4
1127.0	0	0	0	1
1128.0	0	3	0	2
1129.0	0	4	0	2
1130.0	0	0	0	2
1131.0	0	2	0	3
1132.0	0	2	0	2
1133.0	0	3	0	2
1134.0	0	3	0	2
1135.0	0	3	0	4
1136.0	0	0	0	2
1137.0	0	2	0	4
1138.0	0	4	0	0
1139.0	0	0	0	4
1140.0	0	1	0	4
1141.0	0	1	0	1
1142.0	0	2	0	6
1143.0	0	1	0	0
1144.0	0	1	0	0
1145.0	0	3	0	3
1146.0	0	1	0	3
1147.0	0	2	0	2
1148.0	0	3	0	2
1149.0	0	6	0	1
1150.0	0	0	0	2
1151.0	0	3	0	2
1152.0	0	6	0	2
1153.0	0	2	0	4
1154.0	0	3	0	2
1155.0	0	3	0	0
1156.0	0	3	0	3
1157.0	0	1	0	1
1158.0	0	0	0	1
1159.0	0	1	0	2
1160.0	0	2	0	3
1161.0	0	2	0	1
1162.0	0	3	0	3
1163.0	0	3	0	0
1164.0	0	2	0	1
1165.0	0	4	0	3
1166.0	0	2	0	2
1167.0	0	1	0	0
1168.0	0	2	0	1
1169.0	0	2	0	4
1170.0	0	0	0	1
1171.0	0	1	0	4
1172.0	0	3	0	1
1173.0	0	0	0	2
1174.0	0	2	0	1
1175.0	0	1	0	0
1176.0	0	2	0	2
1177.0	0	1	0	2
1178.0	0	1	0	3
1179.0	0	0	0	1
1180.0	0	1	0	1
1181.0	0	6	0	2
1182.0	0	4	0	3
1183.0	0	2	0	1
1184.0	0	0	0	3
1185.0	0	4	0	1
1186.0	0	2	0	1
1187.0	0	4	0	2
1188.0	0	2	0	2
1189.0	0	2	0	8
1190.0	0	3	0	2
1191.0	0	2	0	1
1192.0	0	1	0	3
1193.0	0	0	0	4
1194.0	0	0	0	3
1195.0	0	4	0	2
1196.0	0	3	0	2
1197.0	0	4	0	1
1198.0	0	0	0	5
1199.0	0	1	0	0
1200.0	0	6	0	0
1201.0	0	1	0	6
1202.0	0	0	0	3
1203.0	0	7	0	0
1204.0	0	1	0	0
1205.0	0	0	0	3
1206.0	0	1	0	4
1207.0	0	5	0	1
1208.0	0	2	0	3
1209.0	0	3	0	3
1210.0	0	2	0	1
1211.0	0	1	0	1
1212.0	0	3	0	1
1213.0	0	1	0	0
1214.0	0	2	0	5
1215.0	0	3	0	4
1216.0	0	1	0	1
1217.0	0	2	0	1
1218.0	0	1	0	3
1219.0	0	2	0	2
1220.0	0	2	0	1
1221.0	0	1	0	1
1222.0	0	3	0	0
1223.0	0	1	0	4
1224.0	0	3	0	2
1225.0	0	1	0	0
1226.0	0	2	0	1
1227.0	0	6	0	1
1228.0	0	0	0	2
1229.0	0	1	0	2
1230.0	0	1	0	1
1231.0	0	3	0	3
1232.0	0	0	0	1
1233.0	0	1	0	0
1234.0	0	0	0	1
1235.0	0	3	0	5
1236.0	0	2	0	1
1237.0	0	2	0	0
1238.0	0	3	0	3
1239.0	0	0	0	3
1240.0	0	2	0	2
1241.0	0	1	0	2
1242.0	0	1	0	1
1243.0	0	1	0	3
1244.0	0	5	0	0
1245.0	0	2	0	0
1246.0	0	1	0	3
1247.0	0	0	0	2
1248.0	0	1	0	2
1249.0	0	1	0	2
1250.0	0	3	0	0
1251.0	0	5	0	0
1252.0	0	0	0	2
1253.0	0	1	0	2
1254.0	0	1	0	3
1255.0	0	1	0	4
1256.0	0	1	0	3
1257.0	0	0	0	3
1258.0	0	0	0	3
1259.0	0	2	0	3
1260.0	0	2	0	2
1261.0	0	3	0	0
1262.0	0	1	0	3
1263.0	0	3	0	2
1264.0	0	1	0	0
1265.0	0	2	0	3
1266.0	0	3	0	2
1267.0	0	1	0	2
1268.0	0	4	0	3
1269.0	0	5	0	1
1270.0	0	5	0	1
1271.0	0	2	0	2
1272.0	0	0	0	2
1273.0	0	1	0	0
1274.0	0	0	0	5
1275.0	0	3	0	1
1276.0	0	4	0	0
1277.0	0	4	0	0
1278.0	0	3	0	2
1279.0	0	1	0	0
1281.0	0	1	0	1
1282.0	0	2	0	0
1283.0	0	1	0	4
1284.0	0	1	0	0
1286.0	0	1	0	2
1287.0	0	2	0	1
1288.0	0	1	0	1
1289.0	0	1	0	1
1290.0	0	0	0	1
1291.0	0	1	0	2
1292.0	0	0	0	2
1293.0	0	2	0	3
1294.0	0	1	0	0
1295.0	0	0	0	2
1296.0	0	1	0	1
1297.0	0	3	0	2
1298.0	0	2	0	1
1299.0	0	1	0	1
1300.0	0	2	0	3
1301.0	0	3	0	1
1302.0	0	1	0	1
1303.0	0	1	0	5
1304.0	0	3	0	3
1305.0	0	2	0	2
1306.0	0	1	0	1
1307.0	0	2	0	2
1308.0	0	3	0	0
1309.0	0	1	0	0
1310.0	0	2	0	3
1311.0	0	3	0	3
1312.0	0	1	0	0
1313.0	0	2	0	2
1314.0	0	0	0	3
1315.0	0	1	0	2
1316.0	0	2	0	1
1318.0	0	1	0	2
1319.0	0	1	0	2
1320.0	0	0	0	1
1321.0	0	2	0	2
1322.0	0	1	0	1
1323.0	0	3	0	1
1324.0	0	2	0	1
1325.0	0	2	0	1
1326.0	0	5	0	1
1327.0	0	0	0	1
1328.0	0	3	0	0
1329.0	0	3	0	0
1330.0	0	0	0	3
1331.0	0	1	0	0
1332.0	0	3	0	0
1333.0	0	0	0	1
1334.0	0	0	0	4
1335.0	0	0	0	2
1336.0	0	3	0	0
1337.0	0	2	0	2
1338.0	0	1	0	2
1339.0	0	0	0	2
1340.0	0	2	0	1
1341.0	0	1	0	1
1342.0	0	2	0	3
1343.0	0	1	0	1
1344.0	0	0	0	1
1345.0	0	0	0	1
1346.0	0	2	0	0
1347.0	0	1	0	4
1348.0	0	2	0	1
1349.0	0	1	0	2
1350.0	0	2	0	0
1351.0	0	1	0	2
1352.0	0	2	0	0
1353.0	0	2	0	1
1354.0	0	1	0	1
1355.0	0	2	0	0
1356.0	0	0	0	3
1357.0	0	2	0	3
1358.0	0	2	0	3
1359.0	0	2	0	2
1360.0	0	1	0	0
1361.0	0	3	0	0
1362.0	0	0	0	3
1363.0	0	2	0	3
1364.0	0	2	0	2
1365.0	0	1	0	0
1366.0	0	4	0	2
1367.0	0	0	0	1
1368.0	0	5	0	1
1369.0	0	2	0	0
1370.0	0	1	0	1
1371.0	0	0	0	1
1372.0	0	1	0	1
1373.0	0	0	0	2
1374.0	0	0	0	1
1375.0	0	0	0	2
1376.0	0	1	0	2
1377.0	0	3	0	1
1378.0	0	1	0	0
1379.0	0	0	0	1
1380.0	0	2	0	1
1381.0	0	1	0	0
1382.0	0	1	0	3
1383.0	0	2	0	0
1384.0	0	0	0	1
1387.0	0	2	0	3
1390.0	0	1	0	2
1391.0	0	2	0	1
1392.0	0	2	0	1
1393.0	0	2	0	1
1394.0	0	2	0	0
1395.0	0	1	0	0
1396.0	0	2	0	3
1397.0	0	2	0	1
1398.0	0	0	0	1
1400.0	0	1	0	1
1401.0	0	1	0	0
1402.0	0	1	0	0
1403.0	0	2	0	2
1404.0	0	0	0	1
1405.0	0	0	0	1
1406.0	0	1	0	0
1407.0	0	1	0	2
1408.0	0	0	0	1
1409.0	0	0	0	1
1410.0	0	1	0	3
1411.0	0	0	0	1
1412.0	0	1	0	2
1413.0	0	2	0	0
1415.0	0	1	0	0
1416.0	0	2	0	2
1417.0	0	1	0	0
1418.0	0	2	0	1
1419.0	0	0	0	4
1421.0	0	1	0	0
1423.0	0	1	0	1
1424.0	0	1	0	3
1425.0	0	2	0	0
1426.0	0	4	0	0
1427.0	0	1	0	1
1428.0	0	0	0	1
1429.0	0	4	0	3
1430.0	0	1	0	1
1431.0	0	0	0	3
1432.0	0	0	0	1
1433.0	0	1	0	0
1434.0	0	2	0	1
1435.0	0	0	0	1
1436.0	0	0	0	1
1437.0	0	0	0	2
1438.0	0	1	0	1
1439.0	0	3	0	0
1440.0	0	2	0	0
1441.0	0	1	0	3
1442.0	0	0	0	1
1443.0	0	3	0	1
1444.0	0	1	0	1
1447.0	0	1	0	1
1448.0	0	1	0	0
1449.0	0	1	0	1
1450.0	0	0	0	1
1451.0	0	2	0	1
1452.0	0	3	0	2
1453.0	0	0	0	1
1454.0	0	0	0	1
1455.0	0	1	0	0
1456.0	0	2	0	1
1457.0	0	1	0	1
1458.0	0	1	0	2
1459.0	0	0	0	1
1460.0	0	2	0	1
1461.0	0	1	0	0
1462.0	0	0	0	1
1463.0	0	0	0	1
1464.0	0	1	0	3
1465.0	0	1	0	3
1466.0	0	0	0	3
1467.0	0	2	0	0
1468.0	0	2	0	1
1470.0	0	1	0	3
1472.0	0	4	0	0
1473.0	0	2	0	1
1474.0	0	2	0	0
1475.0	0	1	0	0
1476.0	0	3	0	1
1478.0	0	1	0	1
1479.0	0	0	0	1
1480.0	0	2	0	3
1481.0	0	1	0	3
1482.0	0	0	0	2
1484.0	0	2	0	1
1485.0	0	1	0	1
1486.0	0	2	0	0
1488.0	0	1	0	2
1489.0	0	3	0	3
1490.0	0	0	0	1
1491.0	0	2	0	1
1492.0	0	1	0	1
1493.0	0	1	0	2
1495.0	0	0	0	1
1496.0	0	0	0	2
1497.0	0	1	0	2
1498.0	0	2	0	1
1499.0	0	1	0	0
1500.0	0	4	0	1
1501.0	0	1	0	1
1503.0	0	2	0	1
1504.0	0	1	0	1
1505.0	0	2	0	1
1506.0	0	1	0	0
1507.0	0	2	0	1
1508.0	0	2	0	0
1509.0	0	0	0	1
1510.0	0	0	0	1
1511.0	0	1	0	1
1512.0	0	1	0	0
1513.0	0	1	0	2
1515.0	0	0	0	3
1516.0	0	1	0	0
1517.0	0	0	0	1
1518.0	0	1	0	2
1520.0	0	2	0	2
1521.0	0	0	0	2
1522.0	0	0	0	1
1523.0	0	3	0	1
1524.0	0	0	0	2
1525.0	0	4	0	1
1527.0	0	2	0	0
1528.0	0	2	0	3
1529.0	0	2	0	3
1530.0	0	0	0	1
1531.0	0	0	0	2
1532.0	0	0	0	1
1533.0	0	0	0	1
1534.0	0	2	0	0
1535.0	0	0	0	1
1536.0	0	3	0	2
1537.0	0	0	0	3
1538.0	0	2	0	3
1539.0	0	0	0	2
1540.0	0	1	0	1
1541.0	0	1	0	1
1542.0	0	2	0	0
1543.0	0	1	0	0
1544.0	0	2	0	1
1545.0	0	1	0	0
1546.0	0	2	0	1
1547.0	0	0	0	1
1548.0	0	2	0	1
1549.0	0	0	0	4
1550.0	0	1	0	1
1552.0	0	1	0	0
1553.0	0	3	0	0
1554.0	0	1	0	1
1555.0	0	1	0	0
1556.0	0	1	0	2
1557.0	0	1	0	0
1558.0	0	0	0	1
1559.0	0	2	0	1
1560.0	0	1	0	0
1561.0	0	0	0	1
1562.0	0	1	0	2
1563.0	0	0	0	2
1564.0	0	2	0	1
1565.0	0	1	0	3
1566.0	0	1	0	1
1567.0	0	0	0	2
1568.0	0	2	0	1
1569.0	0	1	0	1
1570.0	0	2	0	0
1572.0	0	1	0	2
1573.0	0	1	0	1
1574.0	0	2	0	1
1575.0	0	0	0	1
1576.0	0	1	0	1
1577.0	0	0	0	1
1578.0	0	1	0	1
1579.0	0	2	0	2
1580.0	0	2	0	2
1581.0	0	2	0	2
1582.0	0	2	0	0
1583.0	0	0	0	2
1584.0	0	0	0	1
1585.0	0	1	0	1
1586.0	0	1	0	0
1587.0	0	1	0	1
1588.0	0	1	0	2
1589.0	0	1	0	1
1590.0	0	2	0	1
1591.0	0	2	0	0
1592.0	0	3	0	1
1593.0	0	2	0	1
1594.0	0	0	0	1
1595.0	0	1	0	0
1596.0	0	3	0	4
1597.0	0	1	0	0
1599.0	0	2	0	2
1600.0	0	1	0	0
1601.0	0	3	0	2
1602.0	0	2	0	1
1603.0	0	2	0	1
1604.0	0	1	0	1
1606.0	0	0	0	2
1607.0	0	2	0	1
1609.0	0	0	0	1
1610.0	0	1	0	0
1611.0	0	0	0	1
1612.0	0	1	0	1
1613.0	0	1	0	2
1614.0	0	0	0	1
1615.0	0	2	0	0
1616.0	0	1	0	1
1617.0	0	2	0	0
1619.0	0	3	0	0
1620.0	0	1	0	2
1622.0	0	0	0	2
1624.0	0	1	0	0
1625.0	0	0	0	2
1626.0	0	1	0	1
1627.0	0	0	0	2
1628.0	0	1	0	2
1629.0	0	1	0	3
1630.0	0	0	0	1
1631.0	0	4	0	0
1632.0	0	1	0	1
1633.0	0	1	0	1
1634.0	0	0	0	2
1635.0	0	0	0	1
1636.0	0	1	0	1
1637.0	0	1	0	1
1638.0	0	3	0	0
1639.0	0	2	0	1
1640.0	0	2	0	4
1641.0	0	2	0	1
1642.0	0	1	0	1
1643.0	0	1	0	3
1644.0	0	0	0	1
1645.0	0	0	0	2
1646.0	0	1	0	1
1647.0	0	2	0	3
1648.0	0	1	0	0
1649.0	0	2	0	1
1650.0	0	3	0	0
1651.0	0	1	0	1
1652.0	0	1	0	1
1653.0	0	1	0	0
1654.0	0	0	0	1
1655.0	0	0	0	1
1656.0	0	1	0	1
1657.0	0	1	0	1
1658.0	0	2	0	1
1659.0	0	2	0	0
1660.0	0	0	0	1
1661.0	0	0	0	1
1662.0	0	1	0	0
1663.0	0	4	0	1
1664.0	0	2	0	0
1665.0	0	1	0	0
1666.0	0	1	0	1
1667.0	0	0	0	1
1668.0	0	2	0	0
1670.0	0	0	0	2
1671.0	0	0	0	1
1672.0	0	0	0	2
1673.0	0	0	0	2
1674.0	0	0	0	1
1676.0	0	2	0	3
1677.0	0	0	0	3
1678.0	0	0	0	1
1679.0	0	2	0	2
1680.0	0	1	0	3
1681.0	0	0	0	1
1682.0	0	1	0	1
1683.0	0	2	0	0
1684.0	0	2	0	1
1685.0	0	1	0	0
1686.0	0	2	0	1
1688.0	0	0	0	1
1689.0	0	3	0	1
1690.0	0	1	0	0
1691.0	0	1	0	0
1692.0	0	3	0	1
1693.0	0	1	0	0
1695.0	0	2	0	3
1696.0	0	1	0	2
1697.0	0	0	0	1
1698.0	0	1	0	2
1699.0	0	0	0	2
1700.0	0	2	0	0
1701.0	0	0	0	2
1702.0	0	0	0	2
1703.0	0	1	0	1
1704.0	0	2	0	0
1705.0	0	1	0	3
1706.0	0	2	0	1
1707.0	0	1	0	0
1708.0	0	3	0	0
1709.0	0	1	0	0
1710.0	0	1	0	0
1711.0	0	1	0	2
1712.0	0	1	0	1
1713.0	0	0	0	1
1714.0	0	3	0	1
1715.0	0	2	0	0
1717.0	0	1	0	2
1718.0	0	0	0	2
1719.0	0	1	0	1
1720.0	0	0	0	1
1721.0	0	1	0	0
1723.0	0	2	0	0
1725.0	0	1	0	1
1726.0	0	1	0	3
1727.0	0	1	0	0
1728.0	0	0	0	1
1729.0	0	1	0	1
1732.0	0	1	0	1
1733.0	0	0	0	1
1734.0	0	0	0	3
1735.0	0	3	0	1
1737.0	0	1	0	0
1739.0	0	1	0	2
1741.0	0	0	0	2
1743.0	0	2	0	1
1745.0	0	2	0	1
1746.0	0	0	0	1
1747.0	0	0	0	1
1748.0	0	2	0	0
1749.0	0	3	0	1
1750.0	0	1	0	0
1752.0	0	3	0	1
1753.0	0	2	0	2
1754.0	0	1	0	2
1755.0	0	0	0	1
1756.0	0	2	0	1
1757.0	0	0	0	1
1760.0	0	1	0	1
1761.0	0	2	0	0
1763.0	0	1	0	2
1764.0	0	1	0	1
1765.0	0	2	0	0
1767.0	0	0	0	1
1768.0	0	0	0	1
1769.0	0	2	0	0
1770.0	0	0	0	2
1771.0	0	1	0	0
1772.0	0	1	0	0
1773.0	0	1	0	0
1774.0	0	1	0	0
1775.0	0	1	0	1
1776.0	0	0	0	2
1777.0	0	1	0	0
1778.0	0	0	0	1
1779.0	0	0	0	2
1780.0	0	0	0	1
1781.0	0	1	0	0
1782.0	0	0	0	1
1784.0	0	1	0	3
1785.0	0	2	0	0
1786.0	0	0	0	1
1787.0	0	0	0	2
1788.0	0	2	0	1
1789.0	0	2	0	1
1790.0	0	2	0	0
1791.0	0	0	0	2
1793.0	0	1	0	1
1794.0	0	2	0	1
1795.0	0	2	0	2
1796.0	0	0	0	1
1797.0	0	0	0	1
1798.0	0	1	0	1
1800.0	0	2	0	0
1801.0	0	0	0	2
1802.0	0	2	0	1
1803.0	0	4	0	0
1804.0	0	1	0	1
1806.0	0	0	0	2
1807.0	0	1	0	0
1808.0	0	2	0	1
1810.0	0	1	0	0
1811.0	0	1	0	1
1812.0	0	1	0	0
1813.0	0	0	0	1
1814.0	0	1	0	1
1815.0	0	0	0	1
1816.0	0	2	0	0
1817.0	0	1	0	1
1819.0	0	1	0	0
1820.0	0	0	0	2
1821.0	0	0	0	1
1823.0	0	2	0	0
1825.0	0	0	0	1
1826.0	0	1	0	0
1828.0	0	1	0	3
1829.0	0	1	0	1
1830.0	0	1	0	0
1831.0	0	1	0	1
1832.0	0	0	0	1
1833.0	0	2	0	0
1834.0	0	1	0	2
1835.0	0	1	0	0
1836.0	0	0	0	3
1838.0	0	2	0	0
1839.0	0	1	0	2
1840.0	0	1	0	0
1841.0	0	0	0	1
1842.0	0	0	0	1
1843.0	0	2	0	1
1844.0	0	1	0	0
1845.0	0	1	0	0
1847.0	0	0	0	1
1848.0	0	1	0	0
1849.0	0	0	0	1
1852.0	0	0	0	1
1853.0	0	0	0	1
1854.0	0	2	0	1
1855.0	0	2	0	2
1858.0	0	0	0	1
1859.0	0	1	0	0
1861.0	0	1	0	2
1863.0	0	0	0	2
1864.0	0	1	0	0
1865.0	0	1	0	0
1867.0	0	1	0	0
1869.0	0	2	0	0
1870.0	0	1	0	0
1872.0	0	1	0	0
1873.0	0	0	0	1
1874.0	0	2	0	0
1876.0	0	1	0	0
1880.0	0	0	0	1
1881.0	0	1	0	0
1882.0	0	1	0	0
1884.0	0	0	0	1
1887.0	0	1	0	0
1889.0	0	1	0	0
1890.0	0	0	0	1
1891.0	0	0	0	1
1896.0	0	0	0	3
1897.0	0	1	0	0
1898.0	0	1	0	0
1899.0	0	0	0	1
1900.0	0	0	0	1
1903.0	0	0	0	1
1905.0	0	2	0	1
1906.0	0	0	0	2
1908.0	0	0	0	1
1909.0	0	1	0	3
1911.0	0	0	0	2
1913.0	0	1	0	2
1914.0	0	0	0	1
1915.0	0	1	0	0
1916.0	0	2	0	0
1917.0	0	3	0	1
1919.0	0	1	0	1
1920.0	0	2	0	1
1921.0	0	2	0	0
1923.0	0	0	0	1
1924.0	0	0	0	1
1926.0	0	1	0	0
1927.0	0	0	0	1
1928.0	0	0	0	1
1929.0	0	2	0	1
1932.0	0	2	0	0
1934.0	0	1	0	0
1936.0	0	0	0	2
1938.0	0	0	0	1
1939.0	0	4	0	0
1941.0	0	0	0	1
1942.0	0	0	0	1
1943.0	0	0	0	1
1944.0	0	2	0	0
1945.0	0	0	0	1
1946.0	0	0	0	2
1947.0	0	1	0	0
1948.0	0	1	0	0
1949.0	0	0	0	1
1950.0	0	1	0	2
1951.0	0	0	0	4
1952.0	0	2	0	1
1953.0	0	1	0	1
1954.0	0	0	0	1
1956.0	0	2	0	0
1960.0	0	3	0	0
1961.0	0	2	0	0
1962.0	0	1	0	1
1963.0	0	0	0	2
1964.0	0	0	0	1
1965.0	0	0	0	2
1966.0	0	2	0	0
1967.0	0	2	0	0
1968.0	0	0	0	1
1970.0	0	0	0	2
1971.0	0	2	0	0
1974.0	0	1	0	2
1977.0	0	1	0	0
1979.0	0	1	0	0
1980.0	0	1	0	0
1982.0	0	1	0	0
1984.0	0	0	0	1
1985.0	0	0	0	1
1987.0	0	0	0	1
1991.0	0	1	0	1
1992.0	0	1	0	0
1994.0	0	0	0	1
1995.0	0	0	0	2
1997.0	0	1	0	2
1998.0	0	0	0	1
1999.0	0	1	0	0
2000.0	0	2	0	0
2002.0	0	1	0	0
2003.0	0	1	0	0
2004.0	0	0	0	1
2006.0	0	0	0	1
2008.0	0	0	0	2
2009.0	0	1	0	0
2011.0	0	1	0	0
2012.0	0	0	0	1
2014.0	0	1	0	0
2017.0	0	1	0	2
2019.0	0	1	0	0
2021.0	0	1	0	0
2022.0	0	0	0	1
2023.0	0	1	0	0
2024.0	0	0	0	2
2025.0	0	0	0	1
2026.0	0	1	0	1
2027.0	0	0	0	1
2029.0	0	1	0	0
2030.0	0	1	0	1
2031.0	0	0	0	1
2032.0	0	0	0	2
2033.0	0	0	0	1
2034.0	0	1	0	0
2036.0	0	1	0	1
2037.0	0	1	0	0
2038.0	0	1	0	1
2039.0	0	1	0	0
2040.0	0	1	0	2
2041.0	0	0	0	1
2042.0	0	3	0	1
2043.0	0	1	0	0
2044.0	0	1	0	0
2047.0	0	1	0	0
2050.0	0	0	0	2
2051.0	0	2	0	1
2052.0	0	1	0	1
2055.0	0	1	0	2
2056.0	0	0	0	1
2057.0	0	0	0	1
2058.0	0	0	0	1
2059.0	0	1	0	1
2060.0	0	1	0	0
2061.0	0	1	0	1
2062.0	0	1	0	1
2063.0	0	1	0	0
2064.0	0	1	0	1
2066.0	0	0	0	2
2068.0	0	1	0	2
2069.0	0	0	0	2
2070.0	0	1	0	1
2071.0	0	3	0	1
2072.0	0	1	0	1
2074.0	0	1	0	1
2076.0	0	1	0	0
2080.0	0	3	0	1
2082.0	0	1	0	1
2083.0	0	2	0	0
2084.0	0	1	0	0
2086.0	0	1	0	1
2087.0	0	1	0	0
2092.0	0	1	0	1
2093.0	0	2	0	2
2094.0	0	1	0	0
2095.0	0	0	0	1
2096.0	0	1	0	1
2097.0	0	0	0	1
2098.0	0	1	0	0
2101.0	0	0	0	1
2103.0	0	1	0	0
2105.0	0	1	0	0
2106.0	0	0	0	2
2107.0	0	1	0	0
2109.0	0	2	0	0
2111.0	0	2	0	1
2112.0	0	1	0	0
2113.0	0	0	0	1
2114.0	0	0	0	1
2115.0	0	1	0	3
2116.0	0	0	0	2
2118.0	0	1	0	1
2119.0	0	0	0	1
2121.0	0	0	0	1
2122.0	0	0	0	1
2124.0	0	2	0	1
2125.0	0	1	0	0
2126.0	0	1	0	1
2127.0	0	2	0	3
2128.0	0	2	0	0
2130.0	0	1	0	2
2131.0	0	0	0	2
2132.0	0	1	0	2
2134.0	0	1	0	0
2136.0	0	1	0	0
2138.0	0	0	0	1
2140.0	0	0	0	1
2141.0	0	2	0	0
2142.0	0	3	0	1
2143.0	0	0	0	1
2144.0	0	2	0	0
2146.0	0	1	0	0
2147.0	0	2	0	0
2148.0	0	0	0	1
2149.0	0	1	0	1
2150.0	0	1	0	1
2154.0	0	2	0	0
2155.0	0	1	0	1
2156.0	0	1	0	1
2160.0	0	2	0	0
2161.0	0	0	0	1
2165.0	0	0	0	2
2167.0	0	0	0	1
2172.0	0	0	0	1
2173.0	0	0	0	2
2175.0	0	0	0	1
2176.0	0	2	0	1
2177.0	0	1	0	0
2178.0	0	1	0	0
2179.0	0	0	0	1
2182.0	0	1	0	1
2183.0	0	1	0	0
2184.0	0	1	0	1
2186.0	0	0	0	1
2189.0	0	1	0	0
2190.0	0	1	0	1
2191.0	0	1	0	0
2196.0	0	1	0	0
2198.0	0	0	0	1
2199.0	0	1	0	0
2200.0	0	1	0	0
2202.0	0	1	0	0
2203.0	0	1	0	1
2204.0	0	0	0	1
2205.0	0	1	0	0
2207.0	0	1	0	0
2208.0	0	0	0	1
2210.0	0	0	0	1
2211.0	0	1	0	0
2214.0	0	0	0	2
2215.0	0	0	0	1
2217.0	0	1	0	0
2221.0	0	0	0	2
2223.0	0	1	0	0
2224.0	0	0	0	2
2226.0	0	0	0	1
2227.0	0	1	0	2
2228.0	0	0	0	1
2229.0	0	1	0	2
2230.0	0	2	0	0
2232.0	0	1	0	1
2233.0	0	0	0	1
2238.0	0	2	0	0
2239.0	0	0	0	1
2240.0	0	1	0	1
2241.0	0	1	0	0
2242.0	0	1	0	0
2244.0	0	2	0	0
2245.0	0	1	0	0
2246.0	0	0	0	2
2247.0	0	1	0	1
2249.0	0	1	0	0
2252.0	0	1	0	0
2253.0	0	1	0	1
2256.0	0	0	0	1
2257.0	0	2	0	0
2259.0	0	0	0	1
2260.0	0	0	0	1
2261.0	0	0	0	2
2262.0	0	1	0	2
2263.0	0	0	0	1
2264.0	0	1	0	0
2265.0	0	1	0	1
2266.0	0	0	0	1
2267.0	0	1	0	0
2268.0	0	0	0	1
2269.0	0	1	0	1
2273.0	0	1	0	1
2277.0	0	2	0	0
2278.0	0	2	0	0
2279.0	0	1	0	0
2280.0	0	1	0	0
2284.0	0	1	0	0
2285.0	0	1	0	1
2290.0	0	0	0	2
2293.0	0	2	0	0
2295.0	0	0	0	1
2296.0	0	0	0	1
2297.0	0	0	0	1
2298.0	0	0	0	2
2299.0	0	0	0	1
2301.0	0	0	0	1
2304.0	0	0	0	1
2306.0	0	1	0	0
2307.0	0	1	0	0
2308.0	0	1	0	4
2309.0	0	1	0	1
2310.0	0	0	0	2
2312.0	0	1	0	2
2313.0	0	0	0	2
2314.0	0	2	0	0
2315.0	0	1	0	0
2316.0	0	0	0	1
2317.0	0	3	0	0
2320.0	0	2	0	0
2321.0	0	2	0	1
2322.0	0	2	0	0
2323.0	0	0	0	2
2325.0	0	3	0	1
2328.0	0	3	0	0
2330.0	0	1	0	0
2331.0	0	1	0	1
2333.0	0	0	0	1
2335.0	0	0	0	1
2337.0	0	2	0	0
2338.0	0	0	0	1
2339.0	0	1	0	0
2340.0	0	0	0	3
2342.0	0	0	0	1
2344.0	0	0	0	1
2345.0	0	0	0	1
2347.0	0	1	0	1
2348.0	0	2	0	1
2349.0	0	1	0	0
2352.0	0	0	0	1
2354.0	0	0	0	1
2355.0	0	0	0	1
2356.0	0	1	0	0
2357.0	0	2	0	0
2359.0	0	1	0	2
2362.0	0	0	0	1
2363.0	0	0	0	1
2365.0	0	1	0	0
2367.0	0	1	0	1
2369.0	0	0	0	1
2370.0	0	1	0	1
2373.0	0	0	0	2
2376.0	0	1	0	1
2378.0	0	4	0	0
2379.0	0	1	0	0
2381.0	0	0	0	1
2385.0	0	1	0	0
2386.0	0	0	0	1
2387.0	0	1	0	1
2388.0	0	1	0	0
2391.0	0	1	0	0
2396.0	0	1	0	0
2398.0	0	0	0	1
2399.0	0	2	0	0
2401.0	0	0	0	1
2402.0	0	2	0	0
2403.0	0	0	0	1
2405.0	0	1	0	2
2406.0	0	0	0	1
2407.0	0	1	0	0
2412.0	0	1	0	0
2413.0	0	1	0	0
2415.0	0	0	0	2
2417.0	0	0	0	1
2419.0	0	1	0	0
2421.0	0	0	0	1
2425.0	0	0	0	1
2426.0	0	2	0	1
2428.0	0	0	0	1
2429.0	0	1	0	0
2430.0	0	0	0	3
2436.0	0	2	0	0
2438.0	0	1	0	1
2439.0	0	0	0	1
2440.0	0	1	0	0
2442.0	0	2	0	0
2447.0	0	0	0	1
2448.0	0	1	0	0
2452.0	0	1	0	1
2454.0	0	1	0	1
2456.0	0	2	0	0
2458.0	0	0	0	1
2459.0	0	2	0	0
2460.0	0	0	0	1
2461.0	0	0	0	1
2468.0	0	0	0	1
2469.0	0	2	0	0
2471.0	0	0	0	1
2474.0	0	0	0	1
2475.0	0	1	0	1
2479.0	0	1	0	0
2483.0	0	0	0	1
2484.0	0	2	0	0
2485.0	0	0	0	1
2486.0	0	0	0	1
2491.0	0	0	0	1
2492.0	0	0	0	1
2493.0	0	1	0	2
2497.0	0	0	0	1
2499.0	0	1	0	0
2500.0	0	0	0	1
2501.0	0	0	0	2
2503.0	0	0	0	1
2504.0	0	1	0	0
2505.0	0	1	0	0
2506.0	0	1	0	0
2508.0	0	1	0	1
2510.0	0	1	0	1
2511.0	0	0	0	1
2512.0	0	1	0	1
2513.0	0	2	0	0
2514.0	0	0	0	1
2515.0	0	2	0	0
2517.0	0	1	0	0
2519.0	0	0	0	2
2520.0	0	1	0	0
2522.0	0	2	0	0
2524.0	0	0	0	2
2527.0	0	1	0	0
2528.0	0	0	0	2
2531.0	0	1	0	0
2533.0	0	0	0	1
2535.0	0	0	0	1
2536.0	0	1	0	1
2538.0	0	1	0	0
2539.0	0	1	0	0
2540.0	0	1	0	0
2541.0	0	2	0	0
2542.0	0	1	0	0
2545.0	0	0	0	2
2546.0	0	0	0	1
2547.0	0	1	0	1
2548.0	0	1	0	0
2549.0	0	1	0	0
2550.0	0	1	0	2
2552.0	0	1	0	0
2555.0	0	1	0	2
2558.0	0	0	0	1
2561.0	0	1	0	0
2562.0	0	0	0	1
2563.0	0	0	0	1
2566.0	0	1	0	0
2567.0	0	2	0	0
2574.0	0	1	0	0
2582.0	0	0	0	1
2588.0	0	1	0	0
2589.0	0	0	0	1
2590.0	0	1	0	0
2600.0	0	1	0	0
2606.0	0	1	0	0
2607.0	0	0	0	1
2612.0	0	1	0	0
2613.0	0	0	0	2
2619.0	0	1	0	1
2620.0	0	0	0	1
2623.0	0	1	0	0
2625.0	0	1	0	0
2630.0	0	1	0	0
2631.0	0	1	0	0
2635.0	0	0	0	1
2640.0	0	1	0	0
2647.0	0	1	0	0
2657.0	0	0	0	1
2660.0	0	0	0	1
2662.0	0	0	0	1
2663.0	0	0	0	1
2664.0	0	0	0	1
2666.0	0	0	0	1
2668.0	0	0	0	1
2669.0	0	0	0	1
2676.0	0	1	0	0
2677.0	0	1	0	0
2680.0	0	1	0	0
2682.0	0	1	0	0
2685.0	0	1	0	0
2686.0	0	0	0	1
2692.0	0	0	0	1
2697.0	0	1	0	0
2699.0	0	0	0	1
2703.0	0	2	0	1
2704.0	0	1	0	0
2705.0	0	1	0	0
2709.0	0	0	0	1
2713.0	0	1	0	0
2714.0	0	0	0	1
2716.0	0	1	0	0
2719.0	0	0	0	1
2724.0	0	1	0	0
2726.0	0	1	0	0
2732.0	0	0	0	1
2733.0	0	0	0	1
2739.0	0	1	0	0
2740.0	0	0	0	2
2744.0	0	1	0	1
2745.0	0	0	0	1
2749.0	0	0	0	1
2750.0	0	2	0	0
2757.0	0	0	0	2
2760.0	0	1	0	1
2762.0	0	0	0	1
2767.0	0	1	0	0
2768.0	0	2	0	0
2771.0	0	1	0	0
2772.0	0	0	0	1
2773.0	0	1	0	1
2776.0	0	0	0	1
2777.0	0	1	0	0
2778.0	0	1	0	1
2782.0	0	1	0	0
2783.0	0	1	0	0
2788.0	0	1	0	0
2790.0	0	0	0	1
2792.0	0	1	0	0
2799.0	0	0	0	1
2802.0	0	0	0	1
2806.0	0	0	0	1
2807.0	0	0	0	1
2808.0	0	2	0	0
2817.0	0	1	0	1
2820.0	0	1	0	0
2830.0	0	0	0	1
2832.0	0	0	0	1
2841.0	0	0	0	1
2848.0	0	1	0	1
2852.0	0	1	0	0
2855.0	0	0	0	1
2860.0	0	2	0	0
2861.0	0	0	0	1
2862.0	0	0	0	1
2863.0	0	1	0	0
2865.0	0	0	0	1
2869.0	0	1	0	0
2870.0	0	1	0	0
2871.0	0	1	0	0
2874.0	0	0	0	1
2880.0	0	0	0	1
2886.0	0	1	0	0
2894.0	0	1	0	0
2895.0	0	0	0	1
2898.0	0	1	0	0
2901.0	0	0	0	1
2907.0	0	1	0	0
2911.0	0	0	0	1
2917.0	0	1	0	0
2918.0	0	0	0	1
2922.0	0	1	0	0
2923.0	0	0	0	1
2924.0	0	1	0	0
2928.0	0	0	0	1
2929.0	0	1	0	0
2934.0	0	0	0	1
2936.0	0	0	0	1
2942.0	0	1	0	1
2943.0	0	0	0	1
2948.0	0	1	0	1
2951.0	0	1	0	0
2955.0	0	1	0	0
2956.0	0	1	0	0
2964.0	0	0	0	1
2968.0	0	0	0	1
2978.0	0	0	0	1
2981.0	0	0	0	1
2987.0	0	1	0	0
2990.0	0	1	0	0
2991.0	0	0	0	1
2993.0	0	2	0	2
2997.0	0	0	0	1
2999.0	0	1	0	0
3000.0	0	1	0	0
3001.0	0	1	0	1
3010.0	0	1	0	0
3011.0	0	1	0	0
3012.0	0	1	0	1
3014.0	0	0	0	1
3017.0	0	0	0	1
3020.0	0	1	0	2
3023.0	0	1	0	0
3025.0	0	1	0	0
3026.0	0	0	0	1
3030.0	0	1	0	0
3031.0	0	1	0	0
3033.0	0	1	0	1
3035.0	0	0	0	1
3037.0	0	0	0	1
3039.0	0	0	0	1
3041.0	0	0	0	1
3046.0	0	0	0	2
3048.0	0	1	0	1
3051.0	0	0	0	1
3055.0	0	1	0	0
3058.0	0	1	0	0
3060.0	0	2	0	1
3061.0	0	0	0	1
3065.0	0	1	0	0
3066.0	0	2	0	0
3067.0	0	1	0	0
3068.0	0	1	0	0
3069.0	0	1	0	0
3076.0	0	1	0	0
3083.0	0	0	0	1
3087.0	0	0	0	1
3101.0	0	1	0	1
3102.0	0	1	0	0
3104.0	0	0	0	1
3106.0	0	0	0	1
3109.0	0	0	0	1
3121.0	0	1	0	0
3122.0	0	1	0	0
3126.0	0	1	0	0
3129.0	0	0	0	2
3131.0	0	0	0	1
3140.0	0	0	0	1
3141.0	0	1	0	1
3149.0	0	0	0	1
3151.0	0	1	0	0
3152.0	0	1	0	0
3155.0	0	1	0	0
3161.0	0	0	0	1
3163.0	0	1	0	0
3164.0	0	0	0	1
3166.0	0	0	0	1
3168.0	0	0	0	1
3169.0	0	0	0	1
3174.0	0	1	0	0
3182.0	0	0	0	1
3183.0	0	1	0	0
3184.0	0	1	0	1
3192.0	0	1	0	0
3193.0	0	1	0	1
3197.0	0	2	0	0
3201.0	0	2	0	0
3202.0	0	0	0	1
3203.0	0	0	0	1
3206.0	0	1	0	0
3209.0	0	0	0	1
3210.0	0	0	0	1
3213.0	0	0	0	1
3214.0	0	1	0	0
3220.0	0	0	0	1
3223.0	0	1	0	0
3225.0	0	0	0	1
3230.0	0	2	0	0
3235.0	0	0	0	1
3236.0	0	1	0	0
3239.0	0	1	0	0
3241.0	0	1	0	0
3246.0	0	0	0	1
3248.0	0	0	0	1
3250.0	0	0	0	1
3252.0	0	0	0	2
3260.0	0	2	0	0
3261.0	0	0	0	1
3262.0	0	1	0	0
3265.0	0	0	0	1
3270.0	0	1	0	0
3273.0	0	1	0	0
3286.0	0	0	0	1
3291.0	0	1	0	0
3294.0	0	0	0	1
3295.0	0	0	0	1
3296.0	0	1	0	0
3303.0	0	0	0	1
3305.0	0	0	0	1
3308.0	0	0	0	1
3310.0	0	1	0	0
3313.0	0	1	0	0
3315.0	0	0	0	2
3316.0	0	1	0	0
3320.0	0	1	0	0
3321.0	0	1	0	0
3323.0	0	1	0	0
3326.0	0	1	0	0
3331.0	0	1	0	0
3341.0	0	0	0	1
3342.0	0	1	0	0
3343.0	0	0	0	1
3349.0	0	0	0	1
3351.0	0	1	0	0
3355.0	0	1	0	0
3362.0	0	1	0	1
3374.0	0	0	0	1
3379.0	0	0	0	1
3381.0	0	1	0	0
3390.0	0	0	0	1
3395.0	0	1	0	0
3403.0	0	1	0	0
3410.0	0	0	0	1
3412.0	0	0	0	1
3414.0	0	1	0	0
3423.0	0	0	0	2
3424.0	0	1	0	0
3425.0	0	0	0	1
3432.0	0	0	0	1
3441.0	0	1	0	0
3447.0	0	2	0	0
3449.0	0	0	0	1
3450.0	0	1	0	1
3454.0	0	0	0	1
3460.0	0	1	0	0
3461.0	0	0	0	1
3465.0	0	1	0	0
3469.0	0	1	0	0
3473.0	0	0	0	1
3474.0	0	0	0	2
3475.0	0	1	0	0
3478.0	0	0	0	1
3480.0	0	1	0	0
3488.0	0	1	0	0
3489.0	0	0	0	1
3490.0	0	1	0	1
3505.0	0	2	0	0
3509.0	0	1	0	0
3510.0	0	1	0	0
3511.0	0	0	0	1
3522.0	0	1	0	0
3525.0	0	0	0	1
3534.0	0	0	0	1
3544.0	0	0	0	1
3549.0	0	0	0	1
3552.0	0	1	0	0
3559.0	0	0	0	1
3563.0	0	1	0	1
3566.0	0	1	0	0
3574.0	0	0	0	1
3575.0	0	1	0	0
3577.0	0	2	0	0
3582.0	0	0	0	1
3591.0	0	1	0	0
3593.0	0	1	0	0
3612.0	0	0	0	1
3624.0	0	1	0	0
3633.0	0	0	0	1
3636.0	0	0	0	1
3639.0	0	0	0	2
3641.0	0	0	0	1
3650.0	0	0	0	1
3652.0	0	1	0	0
3653.0	0	1	0	0
3667.0	0	1	0	0
3670.0	0	0	0	1
3674.0	0	0	0	1
3676.0	0	1	0	0
3678.0	0	1	0	0
3679.0	0	1	0	0
3683.0	0	0	0	1
3684.0	0	1	0	0
3699.0	0	1	0	0
3703.0	0	0	0	1
3714.0	0	0	0	1
3718.0	0	0	0	1
3719.0	0	0	0	1
3724.0	0	2	0	0
3731.0	0	1	0	0
3734.0	0	1	0	0
3738.0	0	1	0	0
3740.0	0	0	0	1
3744.0	0	0	0	1
3752.0	0	1	0	0
3758.0	0	0	0	1
3760.0	0	0	0	1
3766.0	0	0	0	1
3768.0	0	1	0	0
3771.0	0	1	0	0
3776.0	0	0	0	1
3780.0	0	0	0	1
3787.0	0	1	0	1
3795.0	0	0	0	1
3798.0	0	1	0	0
3801.0	0	1	0	0
3806.0	0	0	0	1
3808.0	0	1	0	1
3817.0	0	1	0	0
3824.0	0	0	0	1
3826.0	0	0	0	2
3827.0	0	1	0	0
3829.0	0	0	0	1
3830.0	0	1	0	0
3834.0	0	0	0	1
3835.0	0	1	0	0
3840.0	0	1	0	0
3844.0	0	1	0	1
3845.0	0	1	0	1
3852.0	0	0	0	1
3853.0	0	2	0	0
3863.0	0	1	0	0
3865.0	0	0	0	1
3869.0	0	1	0	0
3888.0	0	1	0	0
3890.0	0	1	0	0
3902.0	0	0	0	1
3922.0	0	0	0	1
3933.0	0	1	0	0
3943.0	0	0	0	1
3949.0	0	0	0	1
3950.0	0	0	0	1
3952.0	0	1	0	0
3959.0	0	1	0	0
3962.0	0	1	0	0
3971.0	0	1	0	0
4007.0	0	0	0	2
4014.0	0	0	0	1
4019.0	0	1	0	0
4021.0	0	0	0	1
4035.0	0	0	0	1
4041.0	0	2	0	1
4054.0	0	0	0	1
4055.0	0	1	0	0
4065.0	0	1	0	0
4071.0	0	1	0	0
4078.0	0	0	0	1
4080.0	0	0	0	1
4088.0	0	2	0	0
4103.0	0	0	0	1
4105.0	0	1	0	0
4122.0	0	0	0	1
4134.0	0	1	0	0
4138.0	0	0	0	1
4140.0	0	1	0	1
4142.0	0	0	0	1
4151.0	0	0	0	1
4156.0	0	1	0	0
4157.0	0	1	0	0
4172.0	0	1	0	0
4176.0	0	0	0	1
4189.0	0	0	0	1
4202.0	0	1	0	1
4203.0	0	1	0	0
4211.0	0	1	0	0
4215.0	0	0	0	1
4224.0	0	1	0	0
4229.0	0	0	0	1
4233.0	0	1	0	0
4257.0	0	0	0	1
4262.0	0	0	0	1
4264.0	0	0	0	1
4267.0	0	1	0	0
4268.0	0	0	0	1
4270.0	0	0	0	1
4272.0	0	0	0	1
4276.0	0	0	0	1
4279.0	0	0	0	1
4281.0	0	0	0	1
4287.0	0	2	0	0
4290.0	0	1	0	0
4294.0	0	1	0	1
4295.0	0	1	0	0
4296.0	0	1	0	0
4299.0	0	1	0	0
4306.0	0	1	0	0
4307.0	0	1	0	1
4335.0	0	1	0	0
4344.0	0	1	0	0
4378.0	0	0	0	1
4382.0	0	0	0	1
4392.0	0	1	0	0
4403.0	0	1	0	0
4428.0	0	0	0	1
4442.0	0	0	0	1
4449.0	0	0	0	1
4450.0	0	1	0	0
4462.0	0	1	0	0
4466.0	0	1	0	0
4477.0	0	0	0	1
4478.0	0	0	0	1
4489.0	0	0	0	1
4495.0	0	1	0	0
4499.0	0	1	0	0
4502.0	0	0	0	1
4506.0	0	0	0	1
4511.0	0	1	0	0
4516.0	0	0	0	1
4518.0	0	0	0	1
4524.0	0	1	0	0
4533.0	0	1	0	0
4538.0	0	2	0	0
4550.0	0	0	0	2
4571.0	0	1	0	0
4597.0	0	0	0	1
4600.0	0	1	0	0
4621.0	0	1	0	0
4644.0	0	0	0	1
4654.0	0	0	0	1
4672.0	0	1	0	0
4683.0	0	1	0	0
4757.0	0	0	0	1
4787.0	0	1	0	0
4788.0	0	0	0	1
4793.0	0	0	0	1
4795.0	0	0	0	1
4800.0	0	0	0	1
4803.0	0	0	0	1
4809.0	0	1	0	0
4814.0	0	1	0	0
4816.0	0	1	0	0
4819.0	0	0	0	1
4824.0	0	1	0	0
4836.0	0	1	0	0
4854.0	0	1	0	0
4879.0	0	0	0	1
4885.0	0	0	0	1
4888.0	0	0	0	1
4903.0	0	1	0	0
4911.0	0	1	0	0
4921.0	0	1	0	0
4931.0	0	0	0	1
4945.0	0	0	0	1
4949.0	0	0	0	1
4952.0	0	0	0	1
4959.0	0	1	0	0
4967.0	0	1	0	0
4968.0	0	1	0	0
4985.0	0	1	0	0
5009.0	0	0	0	1
5030.0	0	0	0	2
5034.0	0	0	0	1
5037.0	0	1	0	0
5046.0	0	1	0	0
5048.0	0	0	0	2
5049.0	0	1	0	0
5055.0	0	1	0	0
5064.0	0	0	0	1
5067.0	0	1	0	0
5073.0	0	0	0	2
5082.0	0	0	0	1
5085.0	0	1	0	0
5090.0	0	0	0	1
5098.0	0	1	0	0
5099.0	0	0	0	1
5100.0	0	1	0	0
5101.0	0	1	0	0
5113.0	0	1	0	0
5121.0	0	1	0	0
5127.0	0	1	0	0
5206.0	0	0	0	1
5218.0	0	0	0	1
5229.0	0	1	0	0
5232.0	0	0	0	1
5249.0	0	1	0	0
5268.0	0	1	0	0
5269.0	0	0	0	1
5276.0	0	0	0	1
5281.0	0	0	0	1
5310.0	0	1	0	0
5312.0	0	1	0	0
5321.0	0	0	0	1
5324.0	0	1	0	0
5352.0	0	1	0	0
5399.0	0	0	0	1
5400.0	0	0	0	1
5429.0	0	0	0	1
5438.0	0	1	0	0
5455.0	0	2	0	0
5470.0	0	0	0	1
5514.0	0	0	0	1
5532.0	0	1	0	0
5556.0	0	1	0	0
5626.0	0	0	0	1
5643.0	0	1	0	0
5662.0	0	0	0	1
5670.0	0	0	0	1
5700.0	0	1	0	0
5702.0	0	1	0	0
5748.0	0	0	0	1
5779.0	0	1	0	0
5829.0	0	0	0	1
5852.0	0	1	0	0
5895.0	0	0	0	1
5911.0	0	1	0	0
5913.0	0	0	0	1
5942.0	0	1	0	0
5951.0	0	0	0	1
5986.0	0	1	0	0
6023.0	0	0	0	1
6040.0	0	1	0	0
6129.0	0	0	0	1
6136.0	0	0	0	1
6145.0	0	0	0	1
6155.0	0	0	0	1
6158.0	0	0	0	1
6163.0	0	1	0	0
6172.0	0	1	0	0
6180.0	0	1	0	0
6181.0	0	1	0	1
6197.0	0	1	0	0
6201.0	0	0	0	1
6217.0	0	1	0	0
6227.0	0	1	0	0
6276.0	0	0	0	1
6295.0	0	0	0	1
6306.0	0	1	0	0
6333.0	0	0	0	1
6365.0	0	1	0	0
6394.0	0	1	0	0
6454.0	0	0	0	1
6485.0	0	1	0	0
6520.0	0	0	0	1
6535.0	0	0	0	1
6557.0	0	1	0	0
6561.0	0	0	0	1
6587.0	0	1	0	0
6605.0	0	0	0	1
6606.0	0	0	0	1
6607.0	0	0	0	1
6619.0	0	1	0	0
6634.0	0	1	0	0
6638.0	0	1	0	0
6670.0	0	0	0	1
6682.0	0	1	0	0
6683.0	0	1	0	0
6747.0	0	0	0	1
6770.0	0	0	0	1
6774.0	0	1	0	0
6784.0	0	0	0	1
6789.0	0	0	0	1
6794.0	0	0	0	1
6798.0	0	1	0	0
6802.0	0	0	0	2
6814.0	0	1	0	0
6820.0	0	1	0	0
6834.0	0	1	0	0
6841.0	0	1	0	0
6849.0	0	1	0	0
6932.0	0	0	0	1
6959.0	0	1	0	0
7028.0	0	0	0	1
7069.0	0	1	0	0
7119.0	0	0	0	1
7168.0	0	1	0	0
7252.0	0	0	0	1
7344.0	0	1	0	0
7620.0	0	0	0	1
7628.0	0	0	0	1
7663.0	0	1	0	0
7671.0	0	1	0	0
7926.0	0	0	0	1
7981.0	0	1	0	0
8012.0	0	0	0	1
8067.0	0	0	0	1
8084.0	0	1	0	0
8121.0	0	0	0	1
8125.0	0	1	0	0
8154.0	0	1	0	0
8183.0	0	0	0	1
8186.0	0	0	0	1
8228.0	0	1	0	0
8278.0	0	1	0	0
8894.0	0	0	0	1
8939.0	0	1	0	0
9285.0	0	0	0	1
9326.0	0	1	0	0
9502.0	0	0	0	1
9535.0	0	0	0	1
9544.0	0	0	0	1
9564.0	0	1	0	0
9587.0	0	1	0	0
9588.0	0	1	0	0
10572.0	0	0	0	1
10692.0	0	1	0	0
10837.0	0	0	0	1
10838.0	0	0	0	1
10859.0	0	0	0	1
10892.0	0	1	0	0
10898.0	0	1	0	0
10924.0	0	1	0	0
11701.0	0	0	0	1
11752.0	0	0	0	1
11755.0	0	1	0	0
11828.0	0	1	0	0
12109.0	0	0	0	1
12121.0	0	0	0	1
12155.0	0	0	0	1
12177.0	0	1	0	0
12200.0	0	1	0	0
12219.0	0	1	0	0
12438.0	0	0	0	1
12498.0	0	1	0	0
12667.0	0	0	0	1
12707.0	0	1	0	0
12762.0	0	0	0	1
12824.0	0	1	0	0
14130.0	0	0	0	1
14315.0	0	1	0	0
14444.0	0	0	0	1
14512.0	0	1	0	0
14957.0	0	0	0	1
15021.0	0	1	0	0
16005.0	0	0	0	1
16080.0	0	1	0	0
16828.0	0	0	0	1
16905.0	0	1	0	0
16918.0	0	0	0	1
17077.0	0	1	0	0
20918.0	0	0	0	1
21041.0	0	1	0	0
21396.0	0	0	0	1
21418.0	0	0	0	1
21487.0	0	1	0	0
21492.0	0	0	0	1
21520.0	0	1	0	0
21595.0	0	1	0	0
23452.0	0	0	0	1
23547.0	0	1	0	0
25567.0	0	0	0	1
25867.0	0	1	0	0
29319.0	0	0	0	1
29486.0	0	1	0	0

