## htsjdk.samtools.metrics.StringHeader
# MarkDuplicates INPUT=[/beegfs/scratch/ric.sessa/kubacki.michal/SRF_Eva/results/04_filtered/TES-3_with_rg.bam] OUTPUT=/beegfs/scratch/ric.sessa/kubacki.michal/SRF_Eva/results/04_filtered/TES-3_dedup.bam METRICS_FILE=/beegfs/scratch/ric.sessa/kubacki.michal/SRF_Eva/results/04_filtered/TES-3_dedup_metrics.txt REMOVE_DUPLICATES=true ASSUME_SORTED=true CREATE_INDEX=true    MAX_SEQUENCES_FOR_DISK_READ_ENDS_MAP=50000 MAX_FILE_HANDLES_FOR_READ_ENDS_MAP=8000 SORTING_COLLECTION_SIZE_RATIO=0.25 TAG_DUPLICATE_SET_MEMBERS=false REMOVE_SEQUENCING_DUPLICATES=false TAGGING_POLICY=DontTag CLEAR_DT=true DUPLEX_UMI=false FLOW_MODE=false FLOW_DUP_STRATEGY=FLOW_QUALITY_SUM_STRATEGY FLOW_USE_END_IN_UNPAIRED_READS=false FLOW_USE_UNPAIRED_CLIPPED_END=false FLOW_UNPAIRED_END_UNCERTAINTY=0 FLOW_UNPAIRED_START_UNCERTAINTY=0 FLOW_SKIP_FIRST_N_FLOWS=0 FLOW_Q_IS_KNOWN_END=false FLOW_EFFECTIVE_QUALITY_THRESHOLD=15 ADD_PG_TAG_TO_READS=true DUPLICATE_SCORING_STRATEGY=SUM_OF_BASE_QUALITIES PROGRAM_RECORD_ID=MarkDuplicates PROGRAM_GROUP_NAME=MarkDuplicates READ_NAME_REGEX=<optimized capture of last three ':' separated fields as numeric values> OPTICAL_DUPLICATE_PIXEL_DISTANCE=100 MAX_OPTICAL_DUPLICATE_SET_SIZE=300000 VERBOSITY=INFO QUIET=false VALIDATION_STRINGENCY=STRICT COMPRESSION_LEVEL=5 MAX_RECORDS_IN_RAM=500000 CREATE_MD5_FILE=false USE_JDK_DEFLATER=false USE_JDK_INFLATER=false
## htsjdk.samtools.metrics.StringHeader
# Started on: Fri Aug 29 17:09:40 CEST 2025

## METRICS CLASS	picard.sam.DuplicationMetrics
LIBRARY	UNPAIRED_READS_EXAMINED	READ_PAIRS_EXAMINED	SECONDARY_OR_SUPPLEMENTARY_RDS	UNMAPPED_READS	UNPAIRED_READ_DUPLICATES	READ_PAIR_DUPLICATES	READ_PAIR_OPTICAL_DUPLICATES	PERCENT_DUPLICATION	ESTIMATED_LIBRARY_SIZE
lib1	0	50427943	0	37303506	0	30343872	1071046	0.601727	22644901

## HISTOGRAM	java.lang.Double
BIN	CoverageMult	all_sets	optical_sets	non_optical_sets
1.0	1.00589	10613997	0	11065991
2.0	1.114388	4534230	763515	4291028
3.0	1.126091	2221915	82717	2111419
4.0	1.127353	1144771	17520	1099930
5.0	1.127489	601801	5888	580360
6.0	1.127504	322164	2696	310515
7.0	1.127505	177751	1478	171393
8.0	1.127506	104414	990	100719
9.0	1.127506	65027	650	62687
10.0	1.127506	44236	469	42743
11.0	1.127506	31609	324	30725
12.0	1.127506	24041	264	23113
13.0	1.127506	18868	201	18422
14.0	1.127506	15334	151	14862
15.0	1.127506	12932	114	12591
16.0	1.127506	10717	94	10540
17.0	1.127506	9382	86	9142
18.0	1.127506	8188	54	7945
19.0	1.127506	7086	51	6955
20.0	1.127506	6298	39	6197
21.0	1.127506	5709	35	5490
22.0	1.127506	4956	28	4866
23.0	1.127506	4499	25	4378
24.0	1.127506	4239	24	4149
25.0	1.127506	3850	14	3728
26.0	1.127506	3477	14	3394
27.0	1.127506	3165	18	3093
28.0	1.127506	2961	14	2850
29.0	1.127506	2742	18	2677
30.0	1.127506	2576	10	2576
31.0	1.127506	2354	7	2284
32.0	1.127506	2234	7	2215
33.0	1.127506	2130	9	2075
34.0	1.127506	2016	11	1932
35.0	1.127506	1860	3	1863
36.0	1.127506	1813	3	1770
37.0	1.127506	1677	5	1640
38.0	1.127506	1562	4	1476
39.0	1.127506	1465	5	1461
40.0	1.127506	1392	8	1372
41.0	1.127506	1371	1	1289
42.0	1.127506	1278	5	1232
43.0	1.127506	1231	3	1212
44.0	1.127506	1122	2	1139
45.0	1.127506	1122	5	1037
46.0	1.127506	1004	3	998
47.0	1.127506	996	2	964
48.0	1.127506	997	3	972
49.0	1.127506	934	2	919
50.0	1.127506	877	4	818
51.0	1.127506	833	1	832
52.0	1.127506	849	0	844
53.0	1.127506	787	0	785
54.0	1.127506	790	1	805
55.0	1.127506	778	0	717
56.0	1.127506	701	2	680
57.0	1.127506	737	0	663
58.0	1.127506	663	2	673
59.0	1.127506	640	0	640
60.0	1.127506	652	0	639
61.0	1.127506	600	1	593
62.0	1.127506	593	1	582
63.0	1.127506	561	1	574
64.0	1.127506	507	0	515
65.0	1.127506	516	0	530
66.0	1.127506	513	1	494
67.0	1.127506	509	1	497
68.0	1.127506	455	0	457
69.0	1.127506	482	0	459
70.0	1.127506	463	1	424
71.0	1.127506	448	0	435
72.0	1.127506	429	0	393
73.0	1.127506	409	1	419
74.0	1.127506	421	0	408
75.0	1.127506	397	1	408
76.0	1.127506	403	0	401
77.0	1.127506	389	0	391
78.0	1.127506	402	0	387
79.0	1.127506	379	1	361
80.0	1.127506	363	0	339
81.0	1.127506	342	0	303
82.0	1.127506	326	0	330
83.0	1.127506	316	0	324
84.0	1.127506	320	0	327
85.0	1.127506	320	0	299
86.0	1.127506	290	0	289
87.0	1.127506	278	0	291
88.0	1.127506	317	0	289
89.0	1.127506	289	0	311
90.0	1.127506	272	0	281
91.0	1.127506	298	0	282
92.0	1.127506	270	1	247
93.0	1.127506	242	0	242
94.0	1.127506	255	0	257
95.0	1.127506	257	0	247
96.0	1.127506	244	0	246
97.0	1.127506	235	0	233
98.0	1.127506	236	0	221
99.0	1.127506	236	1	210
100.0	1.127506	216	0	223
101.0	0	240	0	236
102.0	0	227	0	227
103.0	0	221	0	196
104.0	0	218	0	207
105.0	0	192	0	203
106.0	0	187	0	208
107.0	0	226	1	204
108.0	0	191	0	199
109.0	0	188	0	207
110.0	0	201	0	195
111.0	0	191	0	180
112.0	0	181	0	179
113.0	0	187	0	169
114.0	0	173	0	166
115.0	0	165	0	181
116.0	0	159	1	160
117.0	0	179	0	169
118.0	0	169	0	161
119.0	0	171	0	157
120.0	0	154	0	132
121.0	0	153	0	154
122.0	0	137	0	144
123.0	0	138	0	122
124.0	0	144	0	138
125.0	0	142	0	144
126.0	0	132	0	154
127.0	0	144	0	130
128.0	0	132	0	146
129.0	0	129	0	144
130.0	0	145	0	150
131.0	0	154	0	126
132.0	0	135	0	123
133.0	0	131	0	122
134.0	0	118	1	129
135.0	0	144	0	128
136.0	0	112	0	128
137.0	0	138	0	128
138.0	0	120	0	118
139.0	0	110	0	103
140.0	0	109	0	98
141.0	0	98	0	97
142.0	0	112	0	109
143.0	0	94	0	93
144.0	0	107	0	111
145.0	0	93	0	92
146.0	0	111	0	115
147.0	0	108	0	112
148.0	0	122	0	113
149.0	0	91	0	85
150.0	0	94	0	80
151.0	0	95	0	86
152.0	0	84	0	84
153.0	0	89	0	83
154.0	0	99	0	84
155.0	0	84	0	92
156.0	0	87	0	82
157.0	0	83	0	89
158.0	0	84	0	84
159.0	0	88	0	86
160.0	0	87	0	103
161.0	0	91	0	81
162.0	0	82	0	75
163.0	0	78	0	94
164.0	0	83	1	85
165.0	0	82	0	84
166.0	0	76	0	68
167.0	0	80	0	67
168.0	0	62	0	70
169.0	0	76	0	81
170.0	0	87	0	89
171.0	0	84	0	74
172.0	0	71	0	76
173.0	0	64	0	89
174.0	0	88	0	74
175.0	0	80	0	79
176.0	0	76	0	74
177.0	0	84	0	65
178.0	0	69	0	56
179.0	0	63	0	63
180.0	0	68	0	71
181.0	0	70	0	77
182.0	0	65	0	59
183.0	0	58	0	54
184.0	0	64	0	47
185.0	0	58	0	58
186.0	0	58	0	73
187.0	0	60	0	60
188.0	0	64	0	51
189.0	0	66	0	59
190.0	0	60	0	69
191.0	0	66	0	62
192.0	0	58	0	59
193.0	0	54	0	53
194.0	0	57	0	61
195.0	0	43	0	38
196.0	0	58	0	47
197.0	0	53	0	55
198.0	0	40	0	42
199.0	0	47	0	55
200.0	0	56	0	43
201.0	0	48	0	41
202.0	0	47	0	49
203.0	0	45	0	45
204.0	0	41	0	58
205.0	0	60	0	57
206.0	0	57	0	52
207.0	0	56	0	61
208.0	0	46	0	44
209.0	0	59	0	55
210.0	0	47	0	54
211.0	0	46	0	41
212.0	0	54	0	43
213.0	0	48	0	47
214.0	0	48	0	44
215.0	0	33	0	35
216.0	0	42	0	54
217.0	0	46	0	46
218.0	0	45	0	41
219.0	0	54	0	50
220.0	0	37	0	36
221.0	0	47	0	38
222.0	0	49	0	40
223.0	0	42	0	49
224.0	0	40	0	49
225.0	0	40	0	38
226.0	0	51	0	36
227.0	0	39	0	29
228.0	0	39	0	37
229.0	0	37	0	37
230.0	0	32	0	53
231.0	0	33	0	25
232.0	0	47	0	38
233.0	0	49	0	37
234.0	0	30	0	56
235.0	0	45	0	41
236.0	0	32	0	43
237.0	0	47	0	48
238.0	0	32	0	41
239.0	0	52	0	37
240.0	0	35	0	27
241.0	0	34	0	34
242.0	0	32	0	29
243.0	0	37	0	42
244.0	0	39	0	39
245.0	0	36	0	35
246.0	0	29	0	22
247.0	0	45	0	33
248.0	0	32	0	49
249.0	0	38	0	25
250.0	0	32	0	33
251.0	0	24	0	29
252.0	0	39	0	34
253.0	0	25	0	32
254.0	0	31	0	31
255.0	0	27	0	33
256.0	0	41	0	36
257.0	0	33	0	37
258.0	0	38	0	27
259.0	0	33	0	23
260.0	0	26	0	29
261.0	0	28	0	33
262.0	0	24	0	40
263.0	0	36	0	22
264.0	0	32	0	28
265.0	0	32	0	33
266.0	0	25	0	30
267.0	0	29	0	22
268.0	0	23	0	32
269.0	0	27	0	23
270.0	0	29	0	22
271.0	0	28	0	25
272.0	0	22	0	27
273.0	0	32	0	38
274.0	0	34	0	24
275.0	0	21	0	24
276.0	0	27	0	30
277.0	0	24	0	33
278.0	0	28	0	33
279.0	0	33	0	24
280.0	0	25	0	22
281.0	0	29	0	24
282.0	0	22	0	29
283.0	0	25	0	23
284.0	0	34	0	31
285.0	0	32	0	28
286.0	0	21	0	24
287.0	0	26	0	31
288.0	0	22	0	39
289.0	0	26	0	25
290.0	0	34	0	24
291.0	0	24	0	19
292.0	0	24	0	22
293.0	0	28	0	22
294.0	0	23	0	23
295.0	0	34	0	26
296.0	0	23	0	25
297.0	0	30	0	30
298.0	0	29	0	16
299.0	0	21	0	24
300.0	0	13	0	16
301.0	0	22	0	22
302.0	0	22	0	17
303.0	0	19	0	24
304.0	0	24	0	24
305.0	0	25	0	29
306.0	0	21	0	29
307.0	0	25	0	32
308.0	0	27	0	18
309.0	0	23	0	23
310.0	0	23	0	13
311.0	0	19	0	26
312.0	0	22	0	20
313.0	0	19	0	15
314.0	0	16	0	15
315.0	0	23	0	22
316.0	0	14	0	24
317.0	0	25	0	17
318.0	0	17	0	19
319.0	0	18	0	16
320.0	0	11	0	16
321.0	0	19	0	19
322.0	0	22	0	20
323.0	0	17	0	18
324.0	0	23	0	24
325.0	0	17	0	17
326.0	0	13	0	13
327.0	0	21	0	12
328.0	0	20	0	20
329.0	0	15	0	20
330.0	0	18	0	18
331.0	0	19	0	18
332.0	0	21	0	18
333.0	0	18	0	19
334.0	0	22	0	21
335.0	0	26	0	24
336.0	0	15	0	14
337.0	0	18	0	18
338.0	0	20	0	17
339.0	0	10	0	23
340.0	0	22	0	19
341.0	0	15	0	13
342.0	0	18	0	14
343.0	0	17	0	14
344.0	0	8	0	17
345.0	0	20	0	20
346.0	0	26	0	14
347.0	0	18	0	11
348.0	0	14	0	15
349.0	0	16	0	7
350.0	0	13	0	13
351.0	0	10	0	22
352.0	0	21	0	18
353.0	0	10	0	11
354.0	0	10	0	13
355.0	0	16	0	13
356.0	0	13	0	24
357.0	0	15	0	15
358.0	0	14	0	21
359.0	0	25	0	17
360.0	0	14	0	13
361.0	0	13	0	14
362.0	0	14	0	13
363.0	0	17	0	16
364.0	0	23	0	15
365.0	0	18	0	14
366.0	0	12	0	17
367.0	0	13	0	18
368.0	0	21	0	16
369.0	0	17	0	16
370.0	0	12	0	14
371.0	0	16	0	13
372.0	0	13	0	8
373.0	0	14	0	13
374.0	0	18	0	17
375.0	0	8	0	12
376.0	0	13	0	19
377.0	0	18	0	11
378.0	0	14	0	18
379.0	0	6	0	9
380.0	0	12	0	14
381.0	0	14	0	11
382.0	0	18	0	16
383.0	0	14	0	17
384.0	0	15	0	6
385.0	0	21	0	15
386.0	0	9	0	16
387.0	0	12	0	11
388.0	0	11	0	10
389.0	0	13	0	10
390.0	0	7	0	11
391.0	0	17	0	17
392.0	0	11	0	12
393.0	0	13	0	17
394.0	0	9	0	11
395.0	0	9	0	9
396.0	0	10	0	16
397.0	0	21	0	14
398.0	0	11	0	20
399.0	0	16	0	13
400.0	0	18	0	11
401.0	0	12	0	16
402.0	0	12	0	13
403.0	0	15	0	10
404.0	0	12	0	16
405.0	0	13	0	10
406.0	0	15	0	20
407.0	0	12	0	13
408.0	0	13	0	11
409.0	0	21	0	13
410.0	0	12	0	9
411.0	0	12	0	14
412.0	0	10	0	14
413.0	0	7	0	9
414.0	0	11	0	12
415.0	0	10	0	7
416.0	0	11	0	9
417.0	0	12	0	10
418.0	0	11	0	13
419.0	0	11	0	10
420.0	0	10	0	16
421.0	0	13	0	15
422.0	0	17	0	7
423.0	0	12	0	14
424.0	0	15	0	8
425.0	0	11	0	6
426.0	0	10	0	10
427.0	0	11	0	9
428.0	0	10	0	6
429.0	0	9	0	11
430.0	0	9	0	8
431.0	0	7	0	12
432.0	0	9	0	7
433.0	0	13	0	11
434.0	0	10	0	14
435.0	0	7	0	9
436.0	0	8	0	8
437.0	0	13	0	8
438.0	0	6	0	11
439.0	0	6	0	7
440.0	0	11	0	14
441.0	0	6	0	6
442.0	0	8	0	5
443.0	0	8	0	13
444.0	0	11	0	7
445.0	0	4	0	9
446.0	0	4	0	2
447.0	0	11	0	10
448.0	0	9	0	7
449.0	0	10	0	9
450.0	0	5	0	9
451.0	0	9	0	12
452.0	0	9	0	10
453.0	0	13	0	7
454.0	0	14	0	14
455.0	0	8	0	5
456.0	0	9	0	8
457.0	0	13	0	10
458.0	0	7	0	7
459.0	0	6	0	12
460.0	0	6	0	7
461.0	0	8	0	11
462.0	0	10	0	8
463.0	0	13	0	11
464.0	0	11	0	7
465.0	0	6	0	11
466.0	0	13	0	7
467.0	0	2	0	10
468.0	0	10	0	5
469.0	0	11	0	5
470.0	0	6	0	6
471.0	0	4	0	5
472.0	0	4	0	7
473.0	0	12	0	8
474.0	0	7	0	7
475.0	0	7	0	3
476.0	0	8	0	6
477.0	0	10	0	9
478.0	0	5	0	4
479.0	0	3	0	13
480.0	0	10	0	4
481.0	0	6	0	4
482.0	0	6	0	3
483.0	0	8	0	7
484.0	0	4	0	8
485.0	0	8	0	13
486.0	0	4	0	6
487.0	0	8	0	8
488.0	0	7	0	8
489.0	0	12	0	9
490.0	0	5	0	9
491.0	0	7	0	8
492.0	0	13	0	5
493.0	0	2	0	3
494.0	0	7	0	7
495.0	0	10	0	12
496.0	0	7	0	9
497.0	0	5	0	10
498.0	0	8	0	4
499.0	0	6	0	8
500.0	0	16	0	11
501.0	0	9	0	12
502.0	0	8	0	6
503.0	0	7	0	4
504.0	0	6	0	4
505.0	0	11	0	10
506.0	0	4	0	7
507.0	0	7	0	13
508.0	0	8	0	11
509.0	0	9	0	5
510.0	0	6	0	6
511.0	0	9	0	2
512.0	0	4	0	10
513.0	0	7	0	10
514.0	0	7	0	6
515.0	0	8	0	5
516.0	0	3	0	2
517.0	0	7	0	5
518.0	0	7	0	8
519.0	0	6	0	2
520.0	0	6	0	3
521.0	0	3	0	6
522.0	0	5	0	3
523.0	0	4	0	8
524.0	0	6	0	9
525.0	0	5	0	3
526.0	0	6	0	9
527.0	0	8	0	7
528.0	0	7	0	7
529.0	0	8	0	4
530.0	0	7	0	3
531.0	0	3	0	5
532.0	0	6	0	10
533.0	0	7	0	7
534.0	0	10	0	8
535.0	0	6	0	8
536.0	0	4	0	3
537.0	0	7	0	4
538.0	0	7	0	5
539.0	0	5	0	4
540.0	0	5	0	7
541.0	0	8	0	3
542.0	0	3	0	3
543.0	0	4	0	5
544.0	0	5	0	7
545.0	0	3	0	4
546.0	0	6	0	7
547.0	0	6	0	7
548.0	0	3	0	2
549.0	0	9	0	4
550.0	0	5	0	6
551.0	0	2	0	4
552.0	0	5	0	7
553.0	0	7	0	5
554.0	0	9	0	4
555.0	0	2	0	9
556.0	0	5	0	6
557.0	0	6	0	10
558.0	0	6	0	5
559.0	0	3	0	6
560.0	0	6	0	3
561.0	0	10	0	10
562.0	0	7	0	8
563.0	0	5	0	1
564.0	0	9	0	4
565.0	0	5	0	6
566.0	0	4	0	5
567.0	0	6	0	14
568.0	0	5	0	3
569.0	0	7	0	4
570.0	0	5	0	4
571.0	0	12	0	4
572.0	0	4	0	2
573.0	0	4	0	2
574.0	0	6	0	4
575.0	0	3	0	4
576.0	0	0	0	5
577.0	0	4	0	7
578.0	0	3	0	7
579.0	0	7	0	2
580.0	0	5	0	3
581.0	0	6	0	5
582.0	0	5	0	6
583.0	0	2	0	3
584.0	0	0	0	3
585.0	0	5	0	4
586.0	0	4	0	8
587.0	0	6	0	6
588.0	0	7	0	6
589.0	0	2	0	4
590.0	0	4	0	5
591.0	0	3	0	3
592.0	0	2	0	5
593.0	0	6	0	5
594.0	0	4	0	7
595.0	0	5	0	5
596.0	0	4	0	4
597.0	0	5	0	6
598.0	0	7	0	6
599.0	0	4	0	4
600.0	0	9	0	4
601.0	0	2	0	5
602.0	0	9	0	4
603.0	0	6	0	5
604.0	0	6	0	2
605.0	0	4	0	4
606.0	0	3	0	3
607.0	0	6	0	2
608.0	0	1	0	2
609.0	0	4	0	5
610.0	0	5	0	3
611.0	0	4	0	5
612.0	0	3	0	5
613.0	0	3	0	2
614.0	0	4	0	3
615.0	0	3	0	5
616.0	0	4	0	3
617.0	0	4	0	5
618.0	0	4	0	8
619.0	0	6	0	1
620.0	0	4	0	2
621.0	0	2	0	2
622.0	0	4	0	10
623.0	0	2	0	6
624.0	0	5	0	4
625.0	0	7	0	5
626.0	0	1	0	5
627.0	0	3	0	5
628.0	0	7	0	4
629.0	0	7	0	2
630.0	0	1	0	6
631.0	0	4	0	7
632.0	0	3	0	6
633.0	0	4	0	6
634.0	0	7	0	6
635.0	0	6	0	0
636.0	0	6	0	5
637.0	0	3	0	2
638.0	0	8	0	1
639.0	0	4	0	3
640.0	0	4	0	4
641.0	0	2	0	4
642.0	0	1	0	1
643.0	0	5	0	4
644.0	0	1	0	3
645.0	0	5	0	3
646.0	0	1	0	2
647.0	0	5	0	4
648.0	0	3	0	6
649.0	0	3	0	1
650.0	0	3	0	6
651.0	0	2	0	5
652.0	0	5	0	5
653.0	0	9	0	3
654.0	0	4	0	3
655.0	0	1	0	0
656.0	0	5	0	6
657.0	0	6	0	1
658.0	0	3	0	2
659.0	0	1	0	2
660.0	0	2	0	1
661.0	0	2	0	5
662.0	0	6	0	4
663.0	0	2	0	2
664.0	0	4	0	1
665.0	0	2	0	1
666.0	0	1	0	4
667.0	0	5	0	6
668.0	0	3	0	4
669.0	0	1	0	3
670.0	0	3	0	2
671.0	0	1	0	6
672.0	0	3	0	4
673.0	0	3	0	0
674.0	0	3	0	2
675.0	0	3	0	7
676.0	0	7	0	4
677.0	0	5	0	5
678.0	0	3	0	0
679.0	0	2	0	6
680.0	0	3	0	4
681.0	0	3	0	2
682.0	0	2	0	5
683.0	0	3	0	2
684.0	0	2	0	4
685.0	0	8	0	4
686.0	0	6	0	2
687.0	0	2	0	1
688.0	0	1	0	3
689.0	0	2	0	7
690.0	0	1	0	2
691.0	0	3	0	2
692.0	0	4	0	1
693.0	0	2	0	6
694.0	0	3	0	5
695.0	0	3	0	3
696.0	0	2	0	1
697.0	0	4	0	3
698.0	0	4	0	8
699.0	0	3	0	4
700.0	0	6	0	5
701.0	0	8	0	7
702.0	0	3	0	4
703.0	0	4	0	1
704.0	0	5	0	3
705.0	0	3	0	7
706.0	0	4	0	2
707.0	0	3	0	0
708.0	0	2	0	7
709.0	0	4	0	5
710.0	0	4	0	3
711.0	0	3	0	1
712.0	0	6	0	5
713.0	0	6	0	3
714.0	0	3	0	2
715.0	0	4	0	4
716.0	0	1	0	3
717.0	0	5	0	0
718.0	0	6	0	6
719.0	0	1	0	1
720.0	0	1	0	2
721.0	0	4	0	3
722.0	0	4	0	5
723.0	0	5	0	3
724.0	0	5	0	4
725.0	0	5	0	1
726.0	0	3	0	2
727.0	0	1	0	4
728.0	0	1	0	2
729.0	0	5	0	3
730.0	0	2	0	5
731.0	0	1	0	2
732.0	0	1	0	2
733.0	0	4	0	2
734.0	0	2	0	2
735.0	0	0	0	4
736.0	0	3	0	3
737.0	0	3	0	3
738.0	0	3	0	2
739.0	0	3	0	4
740.0	0	3	0	2
741.0	0	4	0	0
742.0	0	3	0	2
743.0	0	2	0	2
744.0	0	0	0	5
745.0	0	2	0	0
746.0	0	3	0	2
747.0	0	1	0	3
748.0	0	2	0	2
749.0	0	5	0	3
750.0	0	3	0	3
751.0	0	3	0	2
752.0	0	2	0	7
753.0	0	3	0	2
754.0	0	5	0	4
755.0	0	2	0	1
757.0	0	4	0	3
758.0	0	2	0	2
759.0	0	4	0	1
760.0	0	0	0	2
761.0	0	2	0	6
762.0	0	1	0	3
763.0	0	2	0	3
764.0	0	6	0	1
765.0	0	5	0	1
766.0	0	2	0	1
767.0	0	1	0	2
768.0	0	2	0	2
769.0	0	0	0	2
770.0	0	2	0	1
771.0	0	2	0	5
772.0	0	2	0	4
773.0	0	0	0	2
774.0	0	4	0	0
776.0	0	3	0	6
777.0	0	1	0	3
778.0	0	5	0	0
779.0	0	3	0	5
780.0	0	2	0	0
781.0	0	4	0	0
783.0	0	4	0	4
784.0	0	2	0	1
785.0	0	3	0	2
786.0	0	0	0	1
787.0	0	0	0	1
788.0	0	1	0	1
789.0	0	3	0	3
790.0	0	1	0	4
791.0	0	3	0	2
792.0	0	3	0	2
793.0	0	0	0	2
794.0	0	1	0	1
795.0	0	0	0	1
796.0	0	2	0	1
797.0	0	2	0	2
798.0	0	2	0	2
799.0	0	0	0	3
800.0	0	1	0	3
801.0	0	1	0	1
802.0	0	0	0	3
803.0	0	3	0	2
804.0	0	3	0	0
805.0	0	3	0	1
806.0	0	4	0	2
807.0	0	2	0	2
808.0	0	4	0	1
809.0	0	3	0	1
810.0	0	3	0	2
811.0	0	0	0	2
812.0	0	2	0	2
813.0	0	0	0	4
814.0	0	3	0	2
815.0	0	4	0	2
816.0	0	2	0	5
817.0	0	3	0	4
818.0	0	3	0	0
819.0	0	1	0	1
820.0	0	2	0	1
821.0	0	1	0	2
822.0	0	1	0	1
823.0	0	1	0	3
824.0	0	0	0	1
825.0	0	2	0	1
826.0	0	1	0	3
827.0	0	3	0	1
828.0	0	3	0	3
829.0	0	0	0	2
830.0	0	4	0	2
831.0	0	3	0	1
832.0	0	1	0	4
833.0	0	2	0	1
834.0	0	1	0	1
835.0	0	1	0	5
836.0	0	2	0	3
837.0	0	2	0	2
838.0	0	2	0	0
839.0	0	3	0	2
840.0	0	2	0	6
841.0	0	4	0	2
842.0	0	4	0	1
843.0	0	2	0	0
844.0	0	2	0	3
845.0	0	5	0	3
846.0	0	1	0	1
847.0	0	2	0	1
848.0	0	1	0	1
849.0	0	1	0	2
850.0	0	3	0	3
851.0	0	1	0	1
852.0	0	0	0	2
853.0	0	2	0	2
854.0	0	1	0	4
855.0	0	4	0	0
856.0	0	2	0	3
857.0	0	4	0	2
858.0	0	2	0	1
859.0	0	3	0	1
860.0	0	2	0	1
861.0	0	1	0	1
862.0	0	2	0	2
863.0	0	0	0	4
864.0	0	2	0	3
865.0	0	1	0	2
866.0	0	1	0	4
867.0	0	3	0	4
868.0	0	3	0	1
869.0	0	2	0	0
870.0	0	1	0	1
871.0	0	1	0	2
872.0	0	3	0	4
873.0	0	0	0	3
874.0	0	4	0	2
875.0	0	5	0	2
876.0	0	4	0	4
877.0	0	2	0	4
878.0	0	4	0	1
879.0	0	1	0	2
880.0	0	4	0	2
881.0	0	0	0	1
882.0	0	1	0	3
883.0	0	2	0	1
884.0	0	3	0	0
885.0	0	2	0	1
886.0	0	3	0	0
887.0	0	0	0	2
888.0	0	1	0	5
889.0	0	3	0	2
890.0	0	3	0	2
891.0	0	1	0	1
892.0	0	1	0	0
893.0	0	1	0	3
894.0	0	0	0	2
895.0	0	2	0	2
896.0	0	1	0	1
897.0	0	4	0	1
898.0	0	1	0	1
899.0	0	2	0	1
900.0	0	2	0	1
901.0	0	2	0	1
902.0	0	3	0	2
903.0	0	1	0	1
904.0	0	3	0	2
905.0	0	1	0	1
906.0	0	0	0	3
907.0	0	2	0	1
908.0	0	2	0	1
909.0	0	0	0	1
910.0	0	0	0	3
911.0	0	2	0	4
912.0	0	1	0	1
913.0	0	1	0	4
914.0	0	3	0	0
915.0	0	1	0	3
916.0	0	2	0	2
917.0	0	1	0	2
918.0	0	2	0	2
919.0	0	2	0	0
920.0	0	4	0	1
921.0	0	3	0	2
922.0	0	2	0	1
923.0	0	2	0	2
924.0	0	1	0	1
925.0	0	3	0	1
926.0	0	0	0	1
927.0	0	3	0	0
928.0	0	2	0	3
929.0	0	0	0	1
930.0	0	1	0	0
931.0	0	1	0	1
932.0	0	1	0	1
933.0	0	3	0	2
934.0	0	0	0	2
935.0	0	1	0	1
936.0	0	0	0	2
937.0	0	1	0	2
938.0	0	0	0	1
939.0	0	1	0	0
940.0	0	1	0	2
941.0	0	1	0	1
942.0	0	1	0	5
943.0	0	2	0	1
944.0	0	1	0	0
945.0	0	3	0	2
946.0	0	2	0	2
947.0	0	1	0	0
948.0	0	3	0	1
949.0	0	0	0	1
950.0	0	5	0	3
951.0	0	1	0	2
952.0	0	2	0	3
953.0	0	2	0	3
954.0	0	2	0	0
955.0	0	2	0	1
956.0	0	1	0	3
957.0	0	1	0	0
958.0	0	0	0	2
959.0	0	2	0	0
960.0	0	3	0	0
961.0	0	1	0	3
962.0	0	0	0	1
963.0	0	2	0	4
965.0	0	1	0	2
966.0	0	0	0	2
967.0	0	1	0	3
968.0	0	4	0	2
969.0	0	1	0	2
970.0	0	1	0	3
971.0	0	1	0	0
972.0	0	3	0	2
973.0	0	3	0	2
974.0	0	2	0	2
975.0	0	2	0	2
976.0	0	3	0	3
977.0	0	1	0	3
978.0	0	2	0	1
979.0	0	2	0	0
980.0	0	5	0	1
981.0	0	3	0	1
982.0	0	1	0	0
983.0	0	2	0	2
984.0	0	1	0	6
985.0	0	3	0	2
986.0	0	3	0	1
987.0	0	1	0	1
988.0	0	1	0	1
989.0	0	3	0	2
990.0	0	1	0	0
991.0	0	1	0	1
992.0	0	0	0	2
993.0	0	1	0	2
994.0	0	0	0	1
995.0	0	2	0	0
996.0	0	0	0	1
997.0	0	2	0	1
998.0	0	2	0	3
999.0	0	1	0	4
1000.0	0	3	0	1
1001.0	0	1	0	0
1002.0	0	0	0	1
1003.0	0	0	0	4
1004.0	0	5	0	0
1005.0	0	1	0	2
1006.0	0	0	0	1
1007.0	0	1	0	2
1008.0	0	1	0	4
1009.0	0	2	0	1
1010.0	0	2	0	1
1011.0	0	1	0	2
1012.0	0	1	0	1
1013.0	0	1	0	4
1014.0	0	4	0	0
1015.0	0	0	0	1
1016.0	0	3	0	4
1017.0	0	4	0	0
1018.0	0	2	0	1
1019.0	0	1	0	1
1020.0	0	2	0	1
1021.0	0	1	0	1
1022.0	0	3	0	2
1023.0	0	1	0	4
1024.0	0	1	0	2
1025.0	0	0	0	1
1026.0	0	2	0	1
1027.0	0	1	0	0
1028.0	0	2	0	3
1029.0	0	1	0	0
1030.0	0	3	0	1
1031.0	0	2	0	4
1032.0	0	2	0	1
1034.0	0	3	0	2
1035.0	0	0	0	1
1036.0	0	0	0	1
1037.0	0	0	0	3
1038.0	0	3	0	4
1039.0	0	1	0	1
1040.0	0	1	0	1
1041.0	0	3	0	1
1042.0	0	3	0	3
1043.0	0	4	0	2
1044.0	0	0	0	1
1045.0	0	0	0	1
1046.0	0	2	0	1
1047.0	0	2	0	3
1048.0	0	1	0	3
1049.0	0	1	0	1
1051.0	0	2	0	0
1052.0	0	2	0	0
1053.0	0	3	0	2
1054.0	0	3	0	0
1056.0	0	1	0	1
1057.0	0	3	0	1
1058.0	0	2	0	1
1059.0	0	1	0	1
1060.0	0	0	0	1
1061.0	0	3	0	0
1063.0	0	1	0	1
1064.0	0	1	0	0
1065.0	0	1	0	1
1066.0	0	1	0	2
1067.0	0	0	0	3
1068.0	0	1	0	0
1069.0	0	1	0	2
1071.0	0	1	0	0
1072.0	0	1	0	0
1073.0	0	0	0	1
1074.0	0	0	0	1
1075.0	0	0	0	1
1076.0	0	3	0	1
1077.0	0	1	0	2
1079.0	0	1	0	3
1080.0	0	0	0	3
1081.0	0	2	0	1
1083.0	0	1	0	2
1084.0	0	3	0	1
1085.0	0	1	0	3
1087.0	0	3	0	3
1088.0	0	3	0	0
1089.0	0	0	0	1
1090.0	0	1	0	1
1091.0	0	2	0	0
1092.0	0	3	0	0
1093.0	0	0	0	3
1094.0	0	1	0	1
1095.0	0	0	0	2
1096.0	0	2	0	1
1097.0	0	0	0	1
1098.0	0	1	0	0
1099.0	0	1	0	1
1100.0	0	0	0	1
1101.0	0	1	0	0
1102.0	0	2	0	2
1103.0	0	1	0	1
1105.0	0	3	0	3
1106.0	0	2	0	3
1107.0	0	2	0	2
1108.0	0	1	0	1
1109.0	0	1	0	0
1110.0	0	0	0	3
1111.0	0	1	0	1
1112.0	0	0	0	1
1113.0	0	3	0	1
1114.0	0	2	0	1
1115.0	0	2	0	2
1116.0	0	1	0	0
1117.0	0	1	0	0
1118.0	0	1	0	0
1119.0	0	0	0	1
1120.0	0	0	0	3
1122.0	0	2	0	2
1124.0	0	2	0	1
1125.0	0	0	0	2
1127.0	0	1	0	1
1128.0	0	2	0	2
1129.0	0	1	0	2
1130.0	0	1	0	1
1132.0	0	1	0	1
1133.0	0	2	0	1
1134.0	0	2	0	3
1135.0	0	1	0	0
1136.0	0	3	0	0
1137.0	0	1	0	0
1139.0	0	1	0	0
1140.0	0	2	0	0
1143.0	0	1	0	2
1144.0	0	1	0	0
1145.0	0	1	0	1
1146.0	0	1	0	1
1148.0	0	2	0	3
1152.0	0	1	0	1
1153.0	0	1	0	3
1154.0	0	0	0	2
1155.0	0	0	0	1
1156.0	0	2	0	0
1157.0	0	1	0	0
1161.0	0	1	0	0
1162.0	0	2	0	1
1163.0	0	0	0	1
1164.0	0	0	0	1
1165.0	0	1	0	3
1166.0	0	1	0	0
1167.0	0	0	0	2
1168.0	0	0	0	1
1170.0	0	2	0	2
1171.0	0	2	0	1
1172.0	0	1	0	0
1173.0	0	2	0	2
1174.0	0	2	0	0
1175.0	0	1	0	0
1177.0	0	0	0	6
1178.0	0	0	0	1
1179.0	0	0	0	2
1180.0	0	1	0	1
1181.0	0	2	0	1
1182.0	0	1	0	1
1183.0	0	0	0	2
1184.0	0	3	0	0
1185.0	0	3	0	0
1186.0	0	3	0	0
1188.0	0	1	0	0
1189.0	0	1	0	1
1190.0	0	1	0	1
1191.0	0	3	0	0
1194.0	0	0	0	1
1195.0	0	1	0	2
1196.0	0	0	0	1
1197.0	0	0	0	2
1198.0	0	0	0	4
1201.0	0	3	0	2
1203.0	0	1	0	0
1204.0	0	1	0	1
1205.0	0	1	0	1
1206.0	0	2	0	1
1209.0	0	0	0	1
1210.0	0	1	0	0
1211.0	0	1	0	0
1213.0	0	1	0	1
1215.0	0	0	0	2
1216.0	0	1	0	1
1217.0	0	1	0	0
1218.0	0	1	0	2
1220.0	0	0	0	2
1221.0	0	1	0	2
1222.0	0	2	0	0
1223.0	0	1	0	1
1224.0	0	1	0	0
1225.0	0	1	0	1
1226.0	0	1	0	1
1227.0	0	2	0	0
1228.0	0	1	0	0
1229.0	0	2	0	1
1230.0	0	2	0	1
1231.0	0	1	0	2
1232.0	0	0	0	1
1233.0	0	0	0	1
1234.0	0	0	0	1
1237.0	0	1	0	0
1238.0	0	2	0	1
1239.0	0	3	0	1
1240.0	0	0	0	1
1242.0	0	1	0	1
1243.0	0	3	0	0
1244.0	0	0	0	1
1245.0	0	0	0	2
1247.0	0	0	0	2
1248.0	0	1	0	0
1249.0	0	1	0	1
1250.0	0	0	0	1
1251.0	0	2	0	2
1253.0	0	1	0	2
1254.0	0	2	0	1
1255.0	0	0	0	1
1256.0	0	0	0	1
1257.0	0	2	0	0
1258.0	0	0	0	1
1260.0	0	2	0	1
1261.0	0	3	0	1
1262.0	0	0	0	2
1263.0	0	0	0	1
1265.0	0	1	0	2
1266.0	0	1	0	1
1268.0	0	0	0	1
1270.0	0	1	0	2
1271.0	0	1	0	0
1272.0	0	2	0	0
1273.0	0	1	0	0
1274.0	0	3	0	0
1275.0	0	2	0	1
1277.0	0	2	0	0
1278.0	0	1	0	0
1279.0	0	2	0	0
1281.0	0	0	0	2
1283.0	0	1	0	1
1284.0	0	0	0	1
1289.0	0	1	0	0
1290.0	0	0	0	1
1291.0	0	0	0	1
1292.0	0	1	0	0
1293.0	0	1	0	0
1294.0	0	1	0	2
1296.0	0	0	0	1
1297.0	0	0	0	1
1298.0	0	0	0	1
1300.0	0	1	0	2
1303.0	0	1	0	1
1305.0	0	1	0	1
1309.0	0	1	0	0
1313.0	0	1	0	1
1314.0	0	1	0	1
1317.0	0	1	0	1
1318.0	0	0	0	1
1319.0	0	1	0	1
1324.0	0	1	0	1
1325.0	0	0	0	2
1327.0	0	1	0	0
1328.0	0	1	0	1
1329.0	0	1	0	1
1330.0	0	2	0	0
1332.0	0	1	0	0
1333.0	0	2	0	1
1336.0	0	0	0	1
1337.0	0	0	0	1
1338.0	0	1	0	1
1339.0	0	1	0	1
1340.0	0	1	0	0
1341.0	0	0	0	2
1345.0	0	1	0	1
1347.0	0	0	0	1
1348.0	0	0	0	1
1349.0	0	1	0	0
1350.0	0	1	0	0
1351.0	0	1	0	0
1352.0	0	2	0	0
1353.0	0	0	0	2
1355.0	0	1	0	1
1356.0	0	2	0	1
1357.0	0	0	0	2
1360.0	0	1	0	2
1361.0	0	0	0	2
1363.0	0	1	0	1
1364.0	0	2	0	2
1366.0	0	1	0	0
1367.0	0	1	0	0
1368.0	0	1	0	0
1369.0	0	1	0	1
1371.0	0	1	0	0
1372.0	0	1	0	0
1373.0	0	0	0	2
1374.0	0	1	0	1
1375.0	0	1	0	0
1376.0	0	1	0	1
1377.0	0	2	0	1
1378.0	0	0	0	1
1379.0	0	0	0	1
1382.0	0	1	0	0
1384.0	0	0	0	2
1385.0	0	1	0	1
1386.0	0	0	0	1
1387.0	0	1	0	0
1389.0	0	2	0	0
1390.0	0	1	0	0
1392.0	0	1	0	0
1393.0	0	0	0	1
1397.0	0	1	0	0
1399.0	0	0	0	1
1401.0	0	2	0	1
1405.0	0	2	0	0
1407.0	0	0	0	1
1409.0	0	1	0	0
1410.0	0	0	0	2
1416.0	0	2	0	0
1418.0	0	1	0	0
1419.0	0	0	0	1
1422.0	0	1	0	1
1423.0	0	0	0	1
1424.0	0	1	0	0
1426.0	0	0	0	1
1428.0	0	0	0	2
1430.0	0	0	0	1
1431.0	0	1	0	1
1433.0	0	0	0	1
1435.0	0	1	0	0
1436.0	0	1	0	1
1438.0	0	1	0	1
1439.0	0	2	0	2
1440.0	0	0	0	1
1443.0	0	1	0	1
1444.0	0	0	0	1
1445.0	0	0	0	2
1446.0	0	1	0	1
1447.0	0	0	0	2
1448.0	0	3	0	0
1450.0	0	1	0	0
1453.0	0	0	0	1
1455.0	0	1	0	0
1457.0	0	3	0	0
1458.0	0	2	0	1
1460.0	0	1	0	0
1463.0	0	0	0	1
1465.0	0	0	0	1
1466.0	0	0	0	2
1467.0	0	1	0	1
1470.0	0	0	0	1
1472.0	0	2	0	0
1473.0	0	1	0	0
1474.0	0	1	0	2
1477.0	0	1	0	0
1478.0	0	1	0	0
1479.0	0	1	0	0
1482.0	0	0	0	1
1483.0	0	0	0	1
1486.0	0	0	0	1
1489.0	0	1	0	1
1490.0	0	0	0	2
1491.0	0	1	0	0
1492.0	0	1	0	0
1493.0	0	1	0	0
1494.0	0	0	0	1
1495.0	0	1	0	0
1496.0	0	1	0	0
1497.0	0	0	0	1
1500.0	0	0	0	2
1501.0	0	0	0	1
1503.0	0	1	0	0
1504.0	0	2	0	0
1507.0	0	1	0	1
1510.0	0	0	0	1
1511.0	0	1	0	0
1515.0	0	1	0	0
1516.0	0	1	0	2
1517.0	0	0	0	1
1519.0	0	0	0	1
1520.0	0	1	0	0
1521.0	0	2	0	0
1522.0	0	1	0	0
1525.0	0	1	0	0
1527.0	0	1	0	1
1532.0	0	0	0	1
1533.0	0	0	0	1
1535.0	0	0	0	1
1537.0	0	1	0	0
1538.0	0	0	0	1
1539.0	0	1	0	1
1540.0	0	0	0	1
1541.0	0	1	0	1
1545.0	0	2	0	0
1546.0	0	1	0	0
1547.0	0	0	0	1
1548.0	0	1	0	0
1549.0	0	1	0	0
1550.0	0	1	0	0
1555.0	0	1	0	0
1557.0	0	0	0	1
1562.0	0	0	0	1
1565.0	0	0	0	1
1568.0	0	0	0	1
1571.0	0	0	0	1
1572.0	0	1	0	0
1578.0	0	1	0	0
1580.0	0	1	0	0
1581.0	0	0	0	1
1583.0	0	1	0	1
1585.0	0	1	0	0
1587.0	0	0	0	2
1589.0	0	1	0	0
1594.0	0	1	0	0
1595.0	0	1	0	1
1596.0	0	0	0	1
1597.0	0	1	0	1
1599.0	0	0	0	1
1600.0	0	1	0	0
1601.0	0	1	0	0
1605.0	0	0	0	1
1606.0	0	0	0	1
1607.0	0	1	0	0
1610.0	0	0	0	1
1615.0	0	1	0	1
1617.0	0	0	0	1
1618.0	0	1	0	0
1621.0	0	1	0	0
1622.0	0	1	0	1
1623.0	0	2	0	0
1624.0	0	0	0	1
1626.0	0	1	0	0
1628.0	0	0	0	1
1629.0	0	0	0	1
1631.0	0	1	0	0
1633.0	0	1	0	0
1634.0	0	1	0	2
1637.0	0	0	0	1
1641.0	0	0	0	1
1642.0	0	1	0	0
1645.0	0	1	0	1
1647.0	0	1	0	1
1648.0	0	0	0	1
1650.0	0	2	0	0
1652.0	0	1	0	1
1656.0	0	1	0	0
1657.0	0	0	0	1
1658.0	0	0	0	1
1661.0	0	0	0	2
1664.0	0	1	0	0
1665.0	0	1	0	0
1668.0	0	0	0	1
1669.0	0	1	0	0
1671.0	0	0	0	1
1672.0	0	1	0	0
1674.0	0	0	0	1
1675.0	0	3	0	0
1676.0	0	0	0	1
1677.0	0	0	0	1
1680.0	0	0	0	1
1681.0	0	1	0	1
1682.0	0	0	0	1
1683.0	0	0	0	1
1684.0	0	3	0	0
1685.0	0	1	0	0
1690.0	0	0	0	1
1691.0	0	0	0	2
1692.0	0	0	0	1
1696.0	0	1	0	0
1697.0	0	0	0	1
1698.0	0	1	0	0
1699.0	0	1	0	0
1700.0	0	0	0	1
1701.0	0	1	0	0
1703.0	0	1	0	0
1704.0	0	1	0	0
1708.0	0	1	0	0
1709.0	0	0	0	1
1710.0	0	0	0	1
1712.0	0	0	0	1
1713.0	0	0	0	1
1716.0	0	1	0	0
1717.0	0	0	0	1
1718.0	0	1	0	3
1720.0	0	2	0	1
1721.0	0	1	0	0
1722.0	0	1	0	0
1724.0	0	1	0	0
1726.0	0	2	0	0
1728.0	0	0	0	3
1730.0	0	1	0	0
1736.0	0	1	0	0
1739.0	0	1	0	2
1744.0	0	0	0	1
1745.0	0	1	0	1
1748.0	0	1	0	0
1749.0	0	0	0	1
1751.0	0	1	0	1
1753.0	0	1	0	0
1755.0	0	1	0	0
1757.0	0	1	0	1
1759.0	0	2	0	0
1760.0	0	0	0	2
1763.0	0	0	0	1
1775.0	0	1	0	0
1776.0	0	0	0	1
1777.0	0	1	0	0
1781.0	0	1	0	0
1782.0	0	1	0	1
1784.0	0	1	0	0
1787.0	0	0	0	1
1789.0	0	0	0	1
1793.0	0	0	0	1
1794.0	0	1	0	0
1795.0	0	0	0	1
1798.0	0	1	0	0
1802.0	0	1	0	0
1806.0	0	1	0	1
1808.0	0	0	0	1
1814.0	0	0	0	1
1822.0	0	0	0	1
1824.0	0	1	0	0
1828.0	0	2	0	1
1829.0	0	1	0	0
1835.0	0	0	0	2
1836.0	0	0	0	2
1840.0	0	1	0	0
1841.0	0	1	0	0
1842.0	0	1	0	0
1844.0	0	1	0	0
1846.0	0	0	0	1
1847.0	0	1	0	0
1850.0	0	0	0	1
1853.0	0	0	0	1
1856.0	0	0	0	1
1857.0	0	1	0	0
1866.0	0	1	0	0
1869.0	0	1	0	1
1874.0	0	1	0	0
1879.0	0	0	0	2
1881.0	0	1	0	0
1882.0	0	1	0	0
1905.0	0	0	0	1
1908.0	0	1	0	0
1911.0	0	0	0	1
1917.0	0	1	0	0
1920.0	0	1	0	1
1929.0	0	0	0	1
1930.0	0	1	0	0
1933.0	0	1	0	0
1938.0	0	0	0	1
1941.0	0	1	0	1
1951.0	0	1	0	0
1957.0	0	0	0	2
1960.0	0	1	0	0
1961.0	0	1	0	0
1972.0	0	0	0	1
1974.0	0	1	0	0
1977.0	0	0	0	1
1986.0	0	2	0	0
1987.0	0	0	0	1
1995.0	0	1	0	1
1996.0	0	0	0	1
2001.0	0	0	0	1
2003.0	0	1	0	0
2008.0	0	0	0	2
2009.0	0	1	0	0
2021.0	0	1	0	0
2022.0	0	0	0	1
2023.0	0	0	0	1
2029.0	0	2	0	0
2037.0	0	1	0	0
2046.0	0	0	0	1
2049.0	0	0	0	1
2054.0	0	2	0	0
2063.0	0	0	0	1
2069.0	0	0	0	2
2070.0	0	1	0	0
2072.0	0	1	0	0
2078.0	0	1	0	0
2079.0	0	0	0	1
2085.0	0	1	0	0
2089.0	0	0	0	1
2090.0	0	0	0	1
2095.0	0	0	0	1
2098.0	0	0	0	1
2099.0	0	0	0	1
2100.0	0	1	0	0
2101.0	0	0	0	1
2102.0	0	1	0	1
2107.0	0	1	0	0
2109.0	0	1	0	0
2113.0	0	1	0	1
2114.0	0	0	0	1
2118.0	0	1	0	0
2120.0	0	0	0	1
2122.0	0	1	0	0
2126.0	0	2	0	0
2129.0	0	1	0	0
2132.0	0	0	0	1
2139.0	0	0	0	1
2140.0	0	0	0	1
2141.0	0	0	0	1
2142.0	0	1	0	0
2148.0	0	1	0	0
2149.0	0	0	0	1
2152.0	0	0	0	1
2153.0	0	1	0	1
2156.0	0	1	0	0
2160.0	0	1	0	0
2164.0	0	0	0	1
2166.0	0	1	0	0
2168.0	0	1	0	0
2171.0	0	0	0	1
2173.0	0	1	0	0
2175.0	0	0	0	1
2177.0	0	1	0	0
2184.0	0	1	0	0
2186.0	0	0	0	1
2187.0	0	1	0	0
2217.0	0	1	0	0
2226.0	0	0	0	1
2233.0	0	0	0	1
2237.0	0	0	0	1
2242.0	0	0	0	1
2243.0	0	0	0	2
2248.0	0	0	0	1
2249.0	0	1	0	0
2252.0	0	0	0	2
2253.0	0	1	0	0
2254.0	0	1	0	0
2255.0	0	1	0	1
2256.0	0	0	0	1
2259.0	0	1	0	1
2260.0	0	1	0	0
2264.0	0	1	0	0
2266.0	0	1	0	1
2267.0	0	0	0	1
2268.0	0	1	0	0
2269.0	0	1	0	0
2270.0	0	1	0	0
2272.0	0	1	0	0
2280.0	0	1	0	0
2284.0	0	0	0	1
2289.0	0	1	0	1
2294.0	0	0	0	2
2299.0	0	1	0	0
2301.0	0	1	0	0
2302.0	0	1	0	1
2303.0	0	1	0	0
2314.0	0	1	0	0
2332.0	0	0	0	1
2333.0	0	0	0	2
2336.0	0	1	0	0
2340.0	0	1	0	1
2343.0	0	0	0	1
2346.0	0	2	0	0
2347.0	0	0	0	1
2355.0	0	1	0	0
2356.0	0	0	0	1
2362.0	0	1	0	1
2366.0	0	0	0	1
2368.0	0	0	0	1
2373.0	0	0	0	1
2375.0	0	1	0	0
2376.0	0	0	0	1
2380.0	0	1	0	0
2381.0	0	1	0	0
2387.0	0	0	0	1
2392.0	0	1	0	0
2402.0	0	1	0	0
2404.0	0	1	0	0
2410.0	0	0	0	1
2411.0	0	1	0	1
2414.0	0	0	0	1
2419.0	0	0	0	1
2424.0	0	1	0	0
2433.0	0	1	0	0
2436.0	0	1	0	0
2438.0	0	1	0	0
2456.0	0	0	0	1
2457.0	0	0	0	2
2458.0	0	0	0	1
2466.0	0	1	0	0
2473.0	0	1	0	0
2474.0	0	1	0	0
2486.0	0	1	0	0
2489.0	0	0	0	1
2497.0	0	0	0	1
2500.0	0	1	0	0
2509.0	0	1	0	0
2522.0	0	0	0	1
2524.0	0	0	0	2
2525.0	0	1	0	0
2527.0	0	0	0	1
2542.0	0	1	0	0
2543.0	0	0	0	1
2547.0	0	1	0	0
2558.0	0	0	0	1
2559.0	0	1	0	0
2563.0	0	1	0	0
2567.0	0	1	0	0
2572.0	0	0	0	1
2574.0	0	0	0	1
2578.0	0	1	0	0
2586.0	0	1	0	0
2597.0	0	0	0	1
2601.0	0	0	0	1
2605.0	0	0	0	1
2609.0	0	1	0	0
2610.0	0	1	0	0
2622.0	0	0	0	1
2626.0	0	1	0	0
2632.0	0	0	0	1
2639.0	0	1	0	0
2642.0	0	1	0	0
2659.0	0	0	0	1
2664.0	0	0	0	1
2669.0	0	1	0	0
2676.0	0	1	0	0
2687.0	0	0	0	1
2695.0	0	0	0	1
2696.0	0	1	0	0
2721.0	0	1	0	0
2729.0	0	0	0	1
2759.0	0	0	0	1
2767.0	0	0	0	1
2770.0	0	1	0	0
2774.0	0	1	0	0
2787.0	0	1	0	0
2790.0	0	0	0	1
2811.0	0	0	0	1
2823.0	0	1	0	0
2837.0	0	1	0	0
2848.0	0	0	0	1
2878.0	0	1	0	0
2888.0	0	0	0	1
2890.0	0	0	0	1
2898.0	0	1	0	0
2905.0	0	0	0	1
2908.0	0	1	0	0
2923.0	0	1	0	0
2994.0	0	0	0	1
3007.0	0	0	0	1
3022.0	0	0	0	1
3023.0	0	0	0	1
3026.0	0	1	0	0
3037.0	0	1	0	0
3043.0	0	1	0	0
3054.0	0	1	0	0
3058.0	0	0	0	1
3077.0	0	0	0	1
3090.0	0	1	0	0
3092.0	0	1	0	0
3097.0	0	0	0	1
3112.0	0	1	0	0
3137.0	0	0	0	1
3145.0	0	0	0	1
3153.0	0	1	0	0
3160.0	0	1	0	0
3162.0	0	0	0	1
3171.0	0	1	0	0
3179.0	0	0	0	1
3180.0	0	0	0	1
3188.0	0	0	0	1
3194.0	0	1	0	0
3195.0	0	1	0	0
3198.0	0	1	0	0
3208.0	0	0	0	1
3221.0	0	0	0	1
3225.0	0	1	0	0
3232.0	0	0	0	1
3243.0	0	1	0	0
3255.0	0	1	0	0
3273.0	0	0	0	1
3290.0	0	0	0	1
3291.0	0	0	0	1
3306.0	0	1	0	0
3310.0	0	1	0	0
3331.0	0	0	0	1
3339.0	0	1	0	0
3345.0	0	1	0	0
3379.0	0	0	0	1
3384.0	0	0	0	1
3400.0	0	1	0	0
3418.0	0	0	0	1
3431.0	0	1	0	0
3440.0	0	1	0	0
3447.0	0	0	0	1
3460.0	0	1	0	0
3474.0	0	0	0	1
3486.0	0	0	0	1
3491.0	0	0	0	1
3512.0	0	0	0	1
3513.0	0	1	0	0
3514.0	0	1	0	0
3515.0	0	1	0	0
3532.0	0	1	0	0
3549.0	0	0	0	1
3569.0	0	1	0	0
3587.0	0	0	0	1
3595.0	0	0	0	1
3611.0	0	1	0	0
3618.0	0	1	0	0
3741.0	0	0	0	1
3752.0	0	0	0	1
3759.0	0	0	0	1
3761.0	0	1	0	0
3786.0	0	1	0	0
3800.0	0	1	0	0
3860.0	0	0	0	1
3866.0	0	0	0	1
3886.0	0	1	0	0
3889.0	0	1	0	0
3917.0	0	0	0	1
3960.0	0	1	0	0
4143.0	0	0	0	1
4190.0	0	1	0	0
4219.0	0	0	0	1
4227.0	0	0	0	1
4230.0	0	0	0	1
4242.0	0	1	0	0
4247.0	0	1	0	0
4291.0	0	0	0	1
4292.0	0	1	0	0
4308.0	0	1	0	0
4354.0	0	0	0	1
4367.0	0	0	0	1
4369.0	0	1	0	0
4381.0	0	1	0	0
4438.0	0	0	0	1
4464.0	0	1	0	0
4465.0	0	0	0	1
4493.0	0	1	0	0
4530.0	0	0	0	1
4540.0	0	0	0	1
4554.0	0	1	0	0
4570.0	0	1	0	0
4577.0	0	0	0	1
4596.0	0	0	0	1
4609.0	0	1	0	0
4625.0	0	1	0	0
4648.0	0	0	0	1
4668.0	0	1	0	0
4683.0	0	0	0	1
4720.0	0	1	0	0
4782.0	0	0	0	1
4808.0	0	1	0	0
4995.0	0	0	0	1
5028.0	0	1	0	0
5293.0	0	0	0	1
5338.0	0	0	0	1
5342.0	0	1	0	0
5365.0	0	0	0	1
5388.0	0	1	0	0
5393.0	0	1	0	0
5457.0	0	0	0	1
5476.0	0	0	0	1
5485.0	0	1	0	0
5490.0	0	0	0	1
5509.0	0	1	0	0
5522.0	0	1	0	1
5564.0	0	1	0	0
5900.0	0	0	0	1
5902.0	0	0	0	1
5922.0	0	1	0	0
5948.0	0	1	0	0
5995.0	0	0	0	1
6021.0	0	1	0	0
6263.0	0	0	0	1
6277.0	0	0	0	1
6283.0	0	0	0	1
6305.0	0	1	0	0
6321.0	0	1	0	0
6322.0	0	1	0	0
6887.0	0	0	0	1
6931.0	0	1	0	0
8027.0	0	0	0	1
8057.0	0	0	0	1
8066.0	0	0	0	1
8084.0	0	1	0	0
8102.0	0	0	0	1
8131.0	0	1	0	0
8162.0	0	1	0	0
8199.0	0	1	0	0
8474.0	0	0	0	1
8580.0	0	1	0	0
8943.0	0	0	0	1
8980.0	0	1	0	0
9315.0	0	0	0	1
9362.0	0	1	0	0
9593.0	0	0	0	1
9659.0	0	1	0	0
10681.0	0	0	0	1
10742.0	0	1	0	0
11848.0	0	0	0	1
11903.0	0	1	0	0
14243.0	0	0	0	1
14406.0	0	1	0	0
16902.0	0	0	0	1
17000.0	0	1	0	0

