## htsjdk.samtools.metrics.StringHeader
# MarkDuplicates INPUT=[/beegfs/scratch/ric.sessa/kubacki.michal/SRF_Eva/results/04_filtered/TESmut-1_with_rg.bam] OUTPUT=/beegfs/scratch/ric.sessa/kubacki.michal/SRF_Eva/results/04_filtered/TESmut-1_dedup.bam METRICS_FILE=/beegfs/scratch/ric.sessa/kubacki.michal/SRF_Eva/results/04_filtered/TESmut-1_dedup_metrics.txt REMOVE_DUPLICATES=true ASSUME_SORTED=true CREATE_INDEX=true    MAX_SEQUENCES_FOR_DISK_READ_ENDS_MAP=50000 MAX_FILE_HANDLES_FOR_READ_ENDS_MAP=8000 SORTING_COLLECTION_SIZE_RATIO=0.25 TAG_DUPLICATE_SET_MEMBERS=false REMOVE_SEQUENCING_DUPLICATES=false TAGGING_POLICY=DontTag CLEAR_DT=true DUPLEX_UMI=false FLOW_MODE=false FLOW_DUP_STRATEGY=FLOW_QUALITY_SUM_STRATEGY FLOW_USE_END_IN_UNPAIRED_READS=false FLOW_USE_UNPAIRED_CLIPPED_END=false FLOW_UNPAIRED_END_UNCERTAINTY=0 FLOW_UNPAIRED_START_UNCERTAINTY=0 FLOW_SKIP_FIRST_N_FLOWS=0 FLOW_Q_IS_KNOWN_END=false FLOW_EFFECTIVE_QUALITY_THRESHOLD=15 ADD_PG_TAG_TO_READS=true DUPLICATE_SCORING_STRATEGY=SUM_OF_BASE_QUALITIES PROGRAM_RECORD_ID=MarkDuplicates PROGRAM_GROUP_NAME=MarkDuplicates READ_NAME_REGEX=<optimized capture of last three ':' separated fields as numeric values> OPTICAL_DUPLICATE_PIXEL_DISTANCE=100 MAX_OPTICAL_DUPLICATE_SET_SIZE=300000 VERBOSITY=INFO QUIET=false VALIDATION_STRINGENCY=STRICT COMPRESSION_LEVEL=5 MAX_RECORDS_IN_RAM=500000 CREATE_MD5_FILE=false USE_JDK_DEFLATER=false USE_JDK_INFLATER=false
## htsjdk.samtools.metrics.StringHeader
# Started on: Fri Aug 29 17:10:33 CEST 2025

## METRICS CLASS	picard.sam.DuplicationMetrics
LIBRARY	UNPAIRED_READS_EXAMINED	READ_PAIRS_EXAMINED	SECONDARY_OR_SUPPLEMENTARY_RDS	UNMAPPED_READS	UNPAIRED_READ_DUPLICATES	READ_PAIR_DUPLICATES	READ_PAIR_OPTICAL_DUPLICATES	PERCENT_DUPLICATION	ESTIMATED_LIBRARY_SIZE
lib1	0	38086781	0	60699716	0	26837916	665411	0.704652	11732055

## HISTOGRAM	java.lang.Double
BIN	CoverageMult	all_sets	optical_sets	non_optical_sets
1.0	1.002368	4822398	0	5000295
2.0	1.041375	2413199	467875	2351254
3.0	1.042893	1424059	49758	1380866
4.0	1.042952	879227	10669	854211
5.0	1.042954	550892	4075	535361
6.0	1.042955	347673	2021	337566
7.0	1.042955	219223	1220	212557
8.0	1.042955	139580	789	135498
9.0	1.042955	91349	528	88503
10.0	1.042955	61695	375	59966
11.0	1.042955	43205	255	41970
12.0	1.042955	31582	174	30758
13.0	1.042955	23961	160	23237
14.0	1.042955	19058	98	18739
15.0	1.042955	15539	80	15234
16.0	1.042955	13177	72	12846
17.0	1.042955	11118	48	10859
18.0	1.042955	9438	36	9250
19.0	1.042955	8228	33	8000
20.0	1.042955	7229	30	7194
21.0	1.042955	6586	40	6418
22.0	1.042955	5721	22	5625
23.0	1.042955	5250	26	5128
24.0	1.042955	4657	17	4551
25.0	1.042955	4384	14	4281
26.0	1.042955	3864	8	3801
27.0	1.042955	3578	10	3468
28.0	1.042955	3256	13	3182
29.0	1.042955	3040	14	3002
30.0	1.042955	2887	7	2794
31.0	1.042955	2552	8	2524
32.0	1.042955	2466	5	2424
33.0	1.042955	2276	5	2264
34.0	1.042955	2151	3	2062
35.0	1.042955	2009	1	1971
36.0	1.042955	1990	4	1939
37.0	1.042955	1818	2	1801
38.0	1.042955	1716	3	1660
39.0	1.042955	1611	2	1603
40.0	1.042955	1489	5	1474
41.0	1.042955	1422	4	1464
42.0	1.042955	1379	3	1312
43.0	1.042955	1361	0	1320
44.0	1.042955	1274	3	1207
45.0	1.042955	1158	3	1138
46.0	1.042955	1110	2	1100
47.0	1.042955	1102	0	1083
48.0	1.042955	1004	0	971
49.0	1.042955	1022	2	1039
50.0	1.042955	953	1	918
51.0	1.042955	940	0	917
52.0	1.042955	898	1	902
53.0	1.042955	812	0	778
54.0	1.042955	809	1	793
55.0	1.042955	806	0	782
56.0	1.042955	703	0	705
57.0	1.042955	722	0	679
58.0	1.042955	676	0	655
59.0	1.042955	711	0	704
60.0	1.042955	656	2	671
61.0	1.042955	667	0	627
62.0	1.042955	622	0	606
63.0	1.042955	552	1	584
64.0	1.042955	608	0	558
65.0	1.042955	525	0	533
66.0	1.042955	584	0	543
67.0	1.042955	528	0	530
68.0	1.042955	491	1	524
69.0	1.042955	506	0	476
70.0	1.042955	508	1	526
71.0	1.042955	491	0	459
72.0	1.042955	445	0	455
73.0	1.042955	446	0	427
74.0	1.042955	418	0	437
75.0	1.042955	441	0	384
76.0	1.042955	383	0	400
77.0	1.042955	401	0	386
78.0	1.042955	405	0	406
79.0	1.042955	360	0	357
80.0	1.042955	374	0	366
81.0	1.042955	394	0	375
82.0	1.042955	355	0	363
83.0	1.042955	352	1	337
84.0	1.042955	333	0	317
85.0	1.042955	346	0	313
86.0	1.042955	280	0	291
87.0	1.042955	311	0	299
88.0	1.042955	290	0	291
89.0	1.042955	297	0	303
90.0	1.042955	282	0	299
91.0	1.042955	305	0	265
92.0	1.042955	252	0	261
93.0	1.042955	279	0	254
94.0	1.042955	239	0	259
95.0	1.042955	276	0	255
96.0	1.042955	269	0	244
97.0	1.042955	228	0	256
98.0	1.042955	240	0	213
99.0	1.042955	224	0	208
100.0	1.042955	212	0	253
101.0	0	205	0	189
102.0	0	231	0	220
103.0	0	214	0	193
104.0	0	201	0	216
105.0	0	212	0	218
106.0	0	190	0	190
107.0	0	196	0	182
108.0	0	197	0	178
109.0	0	191	0	187
110.0	0	178	0	175
111.0	0	166	0	202
112.0	0	183	1	177
113.0	0	207	0	170
114.0	0	164	0	167
115.0	0	177	0	168
116.0	0	155	0	159
117.0	0	140	0	147
118.0	0	154	0	161
119.0	0	150	0	142
120.0	0	160	0	171
121.0	0	166	0	141
122.0	0	143	0	127
123.0	0	141	0	168
124.0	0	145	1	136
125.0	0	161	0	146
126.0	0	155	0	175
127.0	0	137	0	131
128.0	0	140	0	125
129.0	0	153	0	129
130.0	0	132	0	139
131.0	0	116	0	124
132.0	0	130	0	149
133.0	0	123	0	110
134.0	0	133	0	116
135.0	0	114	0	120
136.0	0	132	0	120
137.0	0	114	0	125
138.0	0	117	0	112
139.0	0	107	0	92
140.0	0	98	0	102
141.0	0	89	0	91
142.0	0	99	0	102
143.0	0	110	0	116
144.0	0	111	0	113
145.0	0	121	0	117
146.0	0	103	0	95
147.0	0	113	0	105
148.0	0	133	0	103
149.0	0	81	0	85
150.0	0	93	0	96
151.0	0	90	0	92
152.0	0	107	0	92
153.0	0	100	0	104
154.0	0	89	0	97
155.0	0	88	0	89
156.0	0	98	0	82
157.0	0	80	0	85
158.0	0	82	0	81
159.0	0	82	0	80
160.0	0	86	0	67
161.0	0	73	0	79
162.0	0	76	0	79
163.0	0	82	0	89
164.0	0	66	0	75
165.0	0	83	0	76
166.0	0	70	0	58
167.0	0	74	0	89
168.0	0	69	0	70
169.0	0	70	0	76
170.0	0	77	0	65
171.0	0	73	0	69
172.0	0	77	0	74
173.0	0	65	0	81
174.0	0	83	0	67
175.0	0	78	0	79
176.0	0	76	0	68
177.0	0	75	0	77
178.0	0	65	0	61
179.0	0	74	0	60
180.0	0	73	0	86
181.0	0	57	0	78
182.0	0	82	0	58
183.0	0	58	0	63
184.0	0	62	0	58
185.0	0	55	0	62
186.0	0	65	0	72
187.0	0	61	0	56
188.0	0	61	0	50
189.0	0	64	0	54
190.0	0	58	0	60
191.0	0	57	0	56
192.0	0	54	0	53
193.0	0	56	0	59
194.0	0	61	0	58
195.0	0	57	0	52
196.0	0	60	0	68
197.0	0	66	0	47
198.0	0	48	0	51
199.0	0	53	0	46
200.0	0	43	0	51
201.0	0	45	0	49
202.0	0	52	0	63
203.0	0	69	0	60
204.0	0	52	0	47
205.0	0	51	0	54
206.0	0	60	0	56
207.0	0	51	0	50
208.0	0	52	0	45
209.0	0	47	0	47
210.0	0	49	0	47
211.0	0	46	0	47
212.0	0	30	0	41
213.0	0	49	0	41
214.0	0	51	0	43
215.0	0	43	0	44
216.0	0	39	0	43
217.0	0	37	0	35
218.0	0	39	0	41
219.0	0	30	0	43
220.0	0	47	0	40
221.0	0	33	0	33
222.0	0	38	0	40
223.0	0	44	0	52
224.0	0	39	0	50
225.0	0	59	0	49
226.0	0	42	0	34
227.0	0	47	0	40
228.0	0	44	0	37
229.0	0	33	0	32
230.0	0	25	0	25
231.0	0	40	0	36
232.0	0	37	0	38
233.0	0	39	0	37
234.0	0	50	0	38
235.0	0	35	0	41
236.0	0	41	0	46
237.0	0	39	0	37
238.0	0	40	0	45
239.0	0	30	0	37
240.0	0	45	0	41
241.0	0	37	0	44
242.0	0	31	0	28
243.0	0	40	0	35
244.0	0	34	0	29
245.0	0	34	0	25
246.0	0	37	0	38
247.0	0	38	0	27
248.0	0	22	0	18
249.0	0	35	0	38
250.0	0	23	0	24
251.0	0	22	0	29
252.0	0	33	0	38
253.0	0	32	0	42
254.0	0	32	0	29
255.0	0	28	0	37
256.0	0	32	0	37
257.0	0	39	0	39
258.0	0	41	0	28
259.0	0	36	0	28
260.0	0	28	0	27
261.0	0	34	0	30
262.0	0	28	0	25
263.0	0	35	0	28
264.0	0	23	0	23
265.0	0	25	0	40
266.0	0	27	0	31
267.0	0	41	0	37
268.0	0	34	0	21
269.0	0	27	0	22
270.0	0	19	0	34
271.0	0	24	0	27
272.0	0	30	0	26
273.0	0	30	0	30
274.0	0	32	0	32
275.0	0	25	0	31
276.0	0	32	0	20
277.0	0	22	0	18
278.0	0	24	0	21
279.0	0	19	0	28
280.0	0	31	0	24
281.0	0	24	0	22
282.0	0	30	0	20
283.0	0	17	0	25
284.0	0	22	0	23
285.0	0	22	0	21
286.0	0	32	0	27
287.0	0	20	0	17
288.0	0	22	0	30
289.0	0	18	0	15
290.0	0	14	0	22
291.0	0	27	0	33
292.0	0	33	0	21
293.0	0	16	0	25
294.0	0	25	0	24
295.0	0	17	0	24
296.0	0	30	0	14
297.0	0	14	0	19
298.0	0	25	0	18
299.0	0	17	0	19
300.0	0	25	0	20
301.0	0	20	0	28
302.0	0	27	0	21
303.0	0	15	0	16
304.0	0	22	0	18
305.0	0	19	0	19
306.0	0	22	0	25
307.0	0	23	0	20
308.0	0	16	0	20
309.0	0	17	0	28
310.0	0	22	0	23
311.0	0	30	0	27
312.0	0	26	0	21
313.0	0	19	0	24
314.0	0	24	0	24
315.0	0	23	0	18
316.0	0	21	0	20
317.0	0	17	0	16
318.0	0	19	0	25
319.0	0	18	0	16
320.0	0	21	0	20
321.0	0	23	0	26
322.0	0	21	0	25
323.0	0	20	0	19
324.0	0	21	0	14
325.0	0	30	0	14
326.0	0	15	0	18
327.0	0	19	0	23
328.0	0	22	0	18
329.0	0	13	0	15
330.0	0	17	0	20
331.0	0	17	0	12
332.0	0	15	0	15
333.0	0	20	0	18
334.0	0	16	0	12
335.0	0	22	0	9
336.0	0	15	0	13
337.0	0	10	0	15
338.0	0	18	0	16
339.0	0	9	0	16
340.0	0	13	0	22
341.0	0	16	0	10
342.0	0	15	0	12
343.0	0	17	0	16
344.0	0	13	0	14
345.0	0	19	0	16
346.0	0	9	0	11
347.0	0	16	0	20
348.0	0	18	0	18
349.0	0	9	0	12
350.0	0	18	0	14
351.0	0	13	0	16
352.0	0	14	0	15
353.0	0	15	0	11
354.0	0	18	0	16
355.0	0	9	0	10
356.0	0	15	0	25
357.0	0	11	0	12
358.0	0	13	0	8
359.0	0	13	0	17
360.0	0	10	0	15
361.0	0	19	0	11
362.0	0	15	0	7
363.0	0	12	0	18
364.0	0	20	0	11
365.0	0	13	0	21
366.0	0	16	0	11
367.0	0	10	0	16
368.0	0	19	0	11
369.0	0	14	0	13
370.0	0	15	0	15
371.0	0	14	0	13
372.0	0	9	0	13
373.0	0	13	0	13
374.0	0	14	0	15
375.0	0	14	0	12
376.0	0	16	0	12
377.0	0	12	0	9
378.0	0	14	0	9
379.0	0	12	0	19
380.0	0	11	0	10
381.0	0	10	0	18
382.0	0	12	0	11
383.0	0	11	0	14
384.0	0	15	0	10
385.0	0	15	0	11
386.0	0	13	0	9
387.0	0	17	0	6
388.0	0	10	0	8
389.0	0	7	0	13
390.0	0	11	0	11
391.0	0	7	0	12
392.0	0	17	0	19
393.0	0	11	0	11
394.0	0	14	0	10
395.0	0	9	0	18
396.0	0	13	0	13
397.0	0	14	0	3
398.0	0	13	0	13
399.0	0	11	0	8
400.0	0	9	0	11
401.0	0	10	0	10
402.0	0	8	0	8
403.0	0	9	0	13
404.0	0	6	0	12
405.0	0	9	0	15
406.0	0	11	0	9
407.0	0	17	0	10
408.0	0	12	0	9
409.0	0	9	0	10
410.0	0	9	0	7
411.0	0	13	0	8
412.0	0	12	0	11
413.0	0	9	0	15
414.0	0	8	0	16
415.0	0	10	0	10
416.0	0	9	0	6
417.0	0	11	0	9
418.0	0	5	0	7
419.0	0	10	0	5
420.0	0	5	0	8
421.0	0	15	0	9
422.0	0	10	0	9
423.0	0	8	0	6
424.0	0	5	0	10
425.0	0	10	0	12
426.0	0	7	0	11
427.0	0	10	0	6
428.0	0	6	0	4
429.0	0	6	0	5
430.0	0	13	0	11
431.0	0	5	0	8
432.0	0	5	0	7
433.0	0	13	0	8
434.0	0	5	0	12
435.0	0	10	0	7
436.0	0	9	0	14
437.0	0	8	0	6
438.0	0	8	0	8
439.0	0	8	0	5
440.0	0	11	0	6
441.0	0	7	0	9
442.0	0	8	0	2
443.0	0	6	0	4
444.0	0	8	0	7
445.0	0	5	0	5
446.0	0	7	0	11
447.0	0	3	0	14
448.0	0	10	0	5
449.0	0	7	0	8
450.0	0	9	0	7
451.0	0	6	0	6
452.0	0	14	0	10
453.0	0	3	0	5
454.0	0	7	0	10
455.0	0	12	0	7
456.0	0	11	0	8
457.0	0	9	0	8
458.0	0	6	0	6
459.0	0	8	0	6
460.0	0	6	0	8
461.0	0	6	0	6
462.0	0	3	0	11
463.0	0	10	0	10
464.0	0	8	0	10
465.0	0	6	0	7
466.0	0	10	0	6
467.0	0	9	0	4
468.0	0	5	0	6
469.0	0	2	0	9
470.0	0	10	0	5
471.0	0	6	0	6
472.0	0	8	0	4
473.0	0	7	0	7
474.0	0	10	0	7
475.0	0	8	0	5
476.0	0	5	0	13
477.0	0	6	0	13
478.0	0	8	0	7
479.0	0	7	0	11
480.0	0	8	0	6
481.0	0	9	0	7
482.0	0	7	0	9
483.0	0	9	0	7
484.0	0	5	0	7
485.0	0	13	0	6
486.0	0	7	0	8
487.0	0	6	0	10
488.0	0	7	0	5
489.0	0	7	0	7
490.0	0	2	0	6
491.0	0	10	0	4
492.0	0	6	0	9
493.0	0	8	0	6
494.0	0	6	0	5
495.0	0	8	0	8
496.0	0	5	0	9
497.0	0	9	0	5
498.0	0	6	0	4
499.0	0	6	0	3
500.0	0	5	0	9
501.0	0	9	0	3
502.0	0	6	0	10
503.0	0	2	0	3
504.0	0	8	0	7
505.0	0	6	0	10
506.0	0	6	0	6
507.0	0	4	0	5
508.0	0	7	0	8
509.0	0	6	0	5
510.0	0	7	0	7
511.0	0	12	0	3
512.0	0	3	0	8
513.0	0	7	0	7
514.0	0	7	0	4
515.0	0	12	0	8
516.0	0	6	0	6
517.0	0	5	0	9
518.0	0	2	0	8
519.0	0	9	0	7
520.0	0	8	0	13
521.0	0	7	0	5
522.0	0	6	0	1
523.0	0	7	0	12
524.0	0	3	0	7
525.0	0	11	0	4
526.0	0	4	0	6
527.0	0	3	0	6
528.0	0	5	0	4
529.0	0	9	0	10
530.0	0	2	0	5
531.0	0	9	0	5
532.0	0	4	0	7
533.0	0	5	0	3
534.0	0	9	0	5
535.0	0	10	0	3
536.0	0	3	0	6
537.0	0	7	0	4
538.0	0	7	0	5
539.0	0	7	0	8
540.0	0	5	0	5
541.0	0	4	0	7
542.0	0	4	0	5
543.0	0	8	0	4
544.0	0	7	0	5
545.0	0	3	0	1
546.0	0	4	0	4
547.0	0	6	0	2
548.0	0	8	0	10
549.0	0	6	0	8
550.0	0	5	0	3
551.0	0	8	0	5
552.0	0	3	0	3
553.0	0	1	0	4
554.0	0	4	0	7
555.0	0	6	0	3
556.0	0	3	0	6
557.0	0	7	0	3
558.0	0	2	0	1
559.0	0	4	0	5
560.0	0	5	0	10
561.0	0	2	0	4
562.0	0	8	0	1
563.0	0	4	0	1
564.0	0	3	0	5
565.0	0	6	0	9
566.0	0	6	0	5
567.0	0	2	0	4
568.0	0	2	0	6
569.0	0	4	0	3
570.0	0	2	0	1
571.0	0	8	0	3
572.0	0	0	0	6
573.0	0	7	0	4
574.0	0	3	0	2
575.0	0	4	0	3
576.0	0	4	0	2
577.0	0	5	0	7
578.0	0	2	0	3
579.0	0	6	0	7
580.0	0	5	0	4
581.0	0	5	0	3
582.0	0	7	0	2
583.0	0	4	0	7
584.0	0	2	0	3
585.0	0	3	0	5
586.0	0	4	0	2
587.0	0	6	0	5
588.0	0	3	0	5
589.0	0	3	0	4
590.0	0	2	0	11
591.0	0	8	0	4
592.0	0	3	0	4
593.0	0	6	0	4
594.0	0	7	0	3
595.0	0	6	0	5
596.0	0	4	0	3
597.0	0	8	0	3
598.0	0	2	0	3
599.0	0	4	0	4
600.0	0	2	0	6
601.0	0	3	0	1
602.0	0	1	0	4
603.0	0	4	0	5
604.0	0	4	0	1
605.0	0	4	0	4
606.0	0	4	0	4
607.0	0	5	0	1
608.0	0	1	0	5
609.0	0	2	0	6
610.0	0	3	0	3
611.0	0	4	0	4
612.0	0	7	0	7
613.0	0	0	0	5
614.0	0	5	0	4
615.0	0	6	0	2
616.0	0	1	0	2
617.0	0	5	0	3
618.0	0	4	0	6
619.0	0	2	0	3
620.0	0	9	0	5
621.0	0	5	0	3
622.0	0	4	0	4
623.0	0	2	0	2
624.0	0	0	0	2
625.0	0	3	0	5
626.0	0	4	0	2
627.0	0	4	0	4
628.0	0	2	0	5
629.0	0	3	0	3
630.0	0	3	0	3
631.0	0	3	0	4
632.0	0	4	0	3
633.0	0	2	0	3
634.0	0	5	0	3
635.0	0	5	0	3
636.0	0	4	0	6
637.0	0	4	0	2
638.0	0	3	0	4
639.0	0	7	0	7
640.0	0	6	0	5
641.0	0	3	0	4
642.0	0	5	0	5
643.0	0	6	0	1
644.0	0	2	0	5
645.0	0	4	0	3
646.0	0	3	0	1
647.0	0	1	0	6
648.0	0	1	0	0
649.0	0	7	0	4
650.0	0	2	0	1
651.0	0	3	0	0
652.0	0	3	0	5
653.0	0	3	0	3
654.0	0	2	0	0
655.0	0	5	0	5
656.0	0	2	0	6
657.0	0	4	0	4
658.0	0	2	0	5
659.0	0	3	0	3
660.0	0	2	0	4
661.0	0	1	0	2
662.0	0	6	0	1
663.0	0	1	0	3
664.0	0	3	0	3
665.0	0	3	0	2
666.0	0	1	0	4
667.0	0	1	0	4
668.0	0	6	0	5
669.0	0	3	0	2
670.0	0	4	0	0
671.0	0	2	0	4
672.0	0	8	0	2
673.0	0	3	0	0
674.0	0	1	0	5
675.0	0	0	0	4
676.0	0	1	0	2
677.0	0	1	0	4
678.0	0	3	0	1
679.0	0	7	0	1
680.0	0	7	0	3
681.0	0	2	0	1
682.0	0	3	0	1
684.0	0	3	0	6
685.0	0	1	0	4
686.0	0	1	0	4
687.0	0	1	0	6
688.0	0	5	0	3
689.0	0	1	0	3
690.0	0	4	0	0
691.0	0	6	0	1
692.0	0	5	0	7
693.0	0	5	0	5
694.0	0	1	0	1
695.0	0	3	0	1
696.0	0	3	0	1
697.0	0	2	0	3
698.0	0	2	0	6
699.0	0	0	0	4
700.0	0	5	0	1
701.0	0	2	0	1
702.0	0	2	0	6
703.0	0	3	0	4
704.0	0	1	0	4
705.0	0	6	0	3
706.0	0	5	0	4
707.0	0	1	0	2
708.0	0	4	0	2
709.0	0	3	0	2
710.0	0	3	0	6
711.0	0	3	0	2
712.0	0	1	0	2
713.0	0	2	0	1
714.0	0	2	0	2
715.0	0	4	0	3
716.0	0	4	0	1
717.0	0	2	0	2
718.0	0	4	0	3
719.0	0	4	0	4
720.0	0	1	0	3
721.0	0	3	0	4
722.0	0	3	0	0
723.0	0	1	0	4
724.0	0	3	0	1
725.0	0	4	0	2
726.0	0	3	0	2
727.0	0	3	0	3
728.0	0	4	0	2
729.0	0	1	0	3
730.0	0	1	0	4
731.0	0	0	0	2
732.0	0	2	0	0
733.0	0	4	0	3
734.0	0	2	0	0
735.0	0	1	0	0
736.0	0	4	0	1
737.0	0	2	0	0
738.0	0	1	0	3
739.0	0	0	0	4
740.0	0	1	0	3
741.0	0	4	0	2
742.0	0	1	0	3
743.0	0	1	0	4
744.0	0	1	0	4
745.0	0	5	0	1
746.0	0	3	0	1
747.0	0	2	0	2
748.0	0	1	0	0
749.0	0	3	0	1
750.0	0	2	0	2
751.0	0	2	0	3
752.0	0	2	0	3
753.0	0	2	0	1
754.0	0	1	0	3
755.0	0	3	0	0
756.0	0	1	0	0
757.0	0	1	0	5
758.0	0	1	0	3
759.0	0	1	0	2
760.0	0	2	0	5
761.0	0	5	0	0
762.0	0	1	0	3
763.0	0	1	0	2
764.0	0	2	0	3
765.0	0	5	0	1
766.0	0	3	0	3
767.0	0	2	0	1
768.0	0	4	0	2
769.0	0	3	0	4
770.0	0	1	0	1
771.0	0	4	0	0
772.0	0	3	0	1
773.0	0	1	0	5
774.0	0	0	0	2
775.0	0	1	0	1
776.0	0	3	0	2
777.0	0	1	0	0
778.0	0	3	0	1
779.0	0	3	0	4
780.0	0	1	0	3
781.0	0	0	0	4
782.0	0	2	0	3
783.0	0	2	0	1
784.0	0	1	0	3
785.0	0	4	0	0
786.0	0	2	0	4
787.0	0	1	0	2
788.0	0	3	0	4
789.0	0	5	0	3
790.0	0	1	0	3
791.0	0	2	0	1
792.0	0	5	0	6
793.0	0	2	0	3
794.0	0	0	0	2
795.0	0	4	0	1
796.0	0	2	0	2
797.0	0	4	0	0
798.0	0	2	0	2
799.0	0	3	0	1
800.0	0	3	0	1
801.0	0	1	0	4
802.0	0	3	0	1
803.0	0	1	0	1
804.0	0	3	0	2
805.0	0	2	0	2
806.0	0	1	0	3
807.0	0	4	0	1
808.0	0	0	0	2
809.0	0	2	0	2
810.0	0	1	0	4
811.0	0	4	0	2
812.0	0	2	0	0
813.0	0	0	0	1
814.0	0	2	0	5
815.0	0	1	0	0
816.0	0	2	0	0
817.0	0	0	0	4
818.0	0	6	0	4
819.0	0	1	0	3
820.0	0	1	0	4
821.0	0	1	0	1
822.0	0	1	0	4
823.0	0	3	0	7
824.0	0	3	0	1
825.0	0	5	0	0
826.0	0	3	0	3
827.0	0	2	0	3
828.0	0	1	0	1
829.0	0	2	0	0
830.0	0	4	0	2
831.0	0	1	0	2
832.0	0	5	0	1
833.0	0	3	0	3
834.0	0	2	0	2
835.0	0	2	0	2
837.0	0	3	0	2
838.0	0	3	0	3
840.0	0	3	0	0
842.0	0	0	0	1
843.0	0	0	0	3
844.0	0	2	0	2
845.0	0	1	0	1
846.0	0	1	0	1
847.0	0	3	0	3
848.0	0	4	0	3
849.0	0	1	0	1
850.0	0	2	0	3
851.0	0	3	0	0
852.0	0	2	0	4
853.0	0	1	0	3
854.0	0	2	0	1
855.0	0	1	0	3
856.0	0	4	0	3
857.0	0	0	0	1
858.0	0	1	0	4
859.0	0	2	0	1
861.0	0	2	0	0
862.0	0	3	0	1
863.0	0	9	0	1
864.0	0	0	0	3
866.0	0	0	0	2
867.0	0	1	0	1
868.0	0	0	0	2
869.0	0	4	0	1
870.0	0	4	0	4
871.0	0	0	0	3
872.0	0	2	0	2
873.0	0	1	0	2
874.0	0	3	0	0
875.0	0	4	0	3
876.0	0	2	0	2
877.0	0	0	0	1
878.0	0	3	0	3
879.0	0	2	0	1
880.0	0	2	0	1
881.0	0	0	0	3
882.0	0	2	0	1
883.0	0	0	0	3
884.0	0	0	0	1
885.0	0	1	0	3
886.0	0	0	0	4
887.0	0	5	0	1
888.0	0	2	0	1
889.0	0	2	0	3
890.0	0	3	0	4
891.0	0	1	0	2
892.0	0	5	0	3
893.0	0	4	0	1
894.0	0	2	0	0
896.0	0	1	0	2
897.0	0	3	0	0
898.0	0	3	0	1
899.0	0	1	0	2
900.0	0	1	0	0
901.0	0	1	0	1
902.0	0	1	0	1
905.0	0	2	0	5
906.0	0	3	0	0
908.0	0	0	0	3
909.0	0	2	0	1
911.0	0	1	0	2
912.0	0	2	0	1
914.0	0	1	0	1
915.0	0	1	0	2
916.0	0	2	0	0
917.0	0	3	0	1
918.0	0	0	0	4
919.0	0	0	0	3
920.0	0	2	0	2
921.0	0	4	0	2
922.0	0	2	0	0
924.0	0	1	0	2
925.0	0	1	0	1
926.0	0	3	0	1
927.0	0	2	0	2
928.0	0	1	0	1
929.0	0	3	0	2
930.0	0	1	0	3
932.0	0	1	0	0
933.0	0	2	0	4
934.0	0	3	0	1
935.0	0	1	0	2
936.0	0	0	0	1
937.0	0	2	0	2
938.0	0	4	0	0
939.0	0	1	0	1
940.0	0	0	0	2
941.0	0	1	0	1
942.0	0	1	0	1
943.0	0	1	0	2
944.0	0	2	0	2
945.0	0	1	0	1
946.0	0	3	0	5
947.0	0	3	0	1
949.0	0	1	0	0
950.0	0	2	0	0
951.0	0	1	0	2
952.0	0	1	0	2
953.0	0	1	0	1
954.0	0	1	0	1
955.0	0	1	0	1
956.0	0	1	0	1
957.0	0	0	0	3
958.0	0	0	0	1
959.0	0	0	0	2
960.0	0	0	0	1
961.0	0	0	0	3
962.0	0	1	0	2
963.0	0	3	0	1
964.0	0	6	0	2
965.0	0	2	0	2
967.0	0	2	0	1
968.0	0	1	0	5
969.0	0	1	0	1
970.0	0	3	0	1
971.0	0	1	0	0
973.0	0	5	0	1
974.0	0	1	0	0
975.0	0	2	0	1
976.0	0	2	0	1
977.0	0	0	0	1
978.0	0	1	0	3
979.0	0	0	0	1
980.0	0	1	0	2
981.0	0	0	0	1
982.0	0	0	0	1
983.0	0	1	0	1
984.0	0	0	0	3
985.0	0	3	0	2
986.0	0	1	0	0
987.0	0	2	0	1
988.0	0	1	0	0
989.0	0	0	0	1
990.0	0	1	0	4
991.0	0	2	0	1
992.0	0	1	0	0
993.0	0	0	0	1
995.0	0	4	0	2
996.0	0	1	0	0
998.0	0	1	0	1
999.0	0	1	0	0
1000.0	0	1	0	3
1001.0	0	2	0	2
1002.0	0	3	0	2
1003.0	0	1	0	2
1004.0	0	1	0	2
1005.0	0	1	0	1
1006.0	0	2	0	0
1007.0	0	2	0	0
1008.0	0	1	0	1
1009.0	0	3	0	1
1010.0	0	0	0	2
1011.0	0	2	0	0
1012.0	0	2	0	1
1013.0	0	0	0	1
1014.0	0	1	0	1
1015.0	0	1	0	1
1016.0	0	1	0	1
1017.0	0	2	0	1
1019.0	0	1	0	1
1020.0	0	0	0	1
1021.0	0	1	0	2
1022.0	0	1	0	0
1024.0	0	1	0	2
1025.0	0	0	0	1
1026.0	0	0	0	1
1028.0	0	0	0	2
1029.0	0	3	0	3
1030.0	0	1	0	3
1031.0	0	2	0	1
1032.0	0	2	0	1
1033.0	0	1	0	0
1034.0	0	1	0	0
1035.0	0	2	0	0
1036.0	0	1	0	0
1037.0	0	1	0	0
1038.0	0	2	0	2
1039.0	0	1	0	0
1041.0	0	1	0	1
1043.0	0	1	0	0
1044.0	0	1	0	0
1045.0	0	1	0	2
1046.0	0	1	0	1
1047.0	0	0	0	1
1048.0	0	0	0	4
1049.0	0	0	0	1
1050.0	0	1	0	0
1051.0	0	3	0	2
1052.0	0	0	0	1
1053.0	0	2	0	1
1054.0	0	0	0	1
1055.0	0	1	0	1
1056.0	0	1	0	0
1057.0	0	1	0	0
1058.0	0	1	0	3
1059.0	0	3	0	2
1060.0	0	3	0	0
1062.0	0	0	0	3
1063.0	0	1	0	1
1064.0	0	2	0	1
1065.0	0	1	0	0
1066.0	0	0	0	2
1067.0	0	1	0	0
1068.0	0	1	0	0
1069.0	0	2	0	1
1070.0	0	1	0	2
1071.0	0	0	0	1
1073.0	0	1	0	1
1074.0	0	0	0	2
1075.0	0	2	0	0
1076.0	0	2	0	1
1077.0	0	1	0	0
1078.0	0	2	0	2
1079.0	0	1	0	0
1081.0	0	1	0	0
1082.0	0	0	0	2
1083.0	0	2	0	0
1087.0	0	0	0	3
1088.0	0	1	0	1
1089.0	0	1	0	1
1091.0	0	1	0	0
1093.0	0	2	0	2
1095.0	0	0	0	2
1096.0	0	2	0	0
1097.0	0	0	0	1
1098.0	0	0	0	2
1099.0	0	1	0	2
1100.0	0	1	0	1
1101.0	0	1	0	0
1102.0	0	0	0	1
1103.0	0	3	0	0
1104.0	0	1	0	0
1105.0	0	0	0	1
1107.0	0	1	0	1
1108.0	0	2	0	1
1110.0	0	1	0	2
1111.0	0	1	0	1
1113.0	0	0	0	1
1114.0	0	1	0	1
1115.0	0	2	0	3
1117.0	0	2	0	0
1118.0	0	1	0	2
1119.0	0	1	0	1
1120.0	0	3	0	1
1121.0	0	1	0	2
1122.0	0	2	0	1
1123.0	0	0	0	1
1124.0	0	0	0	2
1125.0	0	0	0	1
1126.0	0	2	0	2
1128.0	0	1	0	0
1129.0	0	1	0	1
1130.0	0	1	0	0
1131.0	0	2	0	1
1132.0	0	2	0	1
1133.0	0	1	0	1
1134.0	0	0	0	1
1137.0	0	1	0	1
1138.0	0	3	0	3
1141.0	0	0	0	1
1142.0	0	1	0	1
1143.0	0	2	0	3
1144.0	0	0	0	2
1146.0	0	1	0	0
1147.0	0	2	0	1
1148.0	0	1	0	1
1149.0	0	2	0	0
1150.0	0	1	0	1
1153.0	0	3	0	0
1154.0	0	2	0	0
1155.0	0	1	0	0
1156.0	0	1	0	0
1158.0	0	0	0	2
1159.0	0	1	0	1
1160.0	0	0	0	2
1161.0	0	1	0	0
1162.0	0	0	0	1
1164.0	0	1	0	1
1165.0	0	1	0	0
1166.0	0	0	0	3
1167.0	0	0	0	2
1168.0	0	0	0	2
1169.0	0	1	0	0
1170.0	0	1	0	2
1171.0	0	2	0	1
1172.0	0	0	0	1
1173.0	0	0	0	2
1174.0	0	0	0	1
1175.0	0	1	0	0
1176.0	0	1	0	0
1177.0	0	1	0	0
1178.0	0	0	0	1
1179.0	0	5	0	0
1180.0	0	0	0	1
1182.0	0	3	0	0
1183.0	0	1	0	1
1184.0	0	1	0	1
1186.0	0	1	0	0
1189.0	0	0	0	1
1190.0	0	2	0	0
1193.0	0	1	0	0
1196.0	0	0	0	1
1197.0	0	1	0	0
1201.0	0	0	0	1
1204.0	0	1	0	0
1206.0	0	0	0	1
1207.0	0	0	0	2
1208.0	0	0	0	1
1209.0	0	0	0	2
1210.0	0	0	0	1
1211.0	0	0	0	1
1213.0	0	0	0	2
1215.0	0	2	0	0
1216.0	0	2	0	1
1217.0	0	3	0	0
1218.0	0	1	0	1
1219.0	0	0	0	1
1220.0	0	1	0	0
1222.0	0	0	0	1
1223.0	0	2	0	1
1225.0	0	1	0	0
1227.0	0	0	0	2
1228.0	0	1	0	1
1229.0	0	0	0	1
1230.0	0	1	0	2
1231.0	0	1	0	0
1233.0	0	1	0	0
1234.0	0	2	0	1
1235.0	0	0	0	1
1237.0	0	1	0	2
1239.0	0	1	0	1
1242.0	0	1	0	0
1243.0	0	1	0	0
1244.0	0	0	0	1
1245.0	0	0	0	1
1246.0	0	1	0	0
1248.0	0	1	0	1
1249.0	0	2	0	1
1251.0	0	2	0	1
1252.0	0	1	0	0
1253.0	0	0	0	1
1254.0	0	0	0	1
1255.0	0	0	0	2
1257.0	0	1	0	1
1258.0	0	1	0	0
1260.0	0	0	0	1
1261.0	0	0	0	3
1262.0	0	1	0	1
1264.0	0	1	0	0
1265.0	0	2	0	0
1266.0	0	1	0	1
1267.0	0	2	0	1
1268.0	0	0	0	3
1269.0	0	1	0	0
1271.0	0	1	0	1
1272.0	0	4	0	0
1273.0	0	1	0	0
1275.0	0	1	0	1
1276.0	0	1	0	0
1277.0	0	1	0	0
1279.0	0	1	0	0
1281.0	0	1	0	2
1283.0	0	0	0	1
1284.0	0	0	0	1
1286.0	0	0	0	1
1287.0	0	1	0	0
1288.0	0	1	0	0
1289.0	0	0	0	1
1290.0	0	1	0	0
1293.0	0	0	0	2
1294.0	0	1	0	0
1296.0	0	0	0	2
1298.0	0	1	0	1
1301.0	0	2	0	0
1302.0	0	1	0	1
1304.0	0	0	0	1
1305.0	0	1	0	2
1306.0	0	0	0	1
1307.0	0	1	0	1
1308.0	0	0	0	1
1309.0	0	0	0	1
1310.0	0	2	0	0
1311.0	0	1	0	0
1312.0	0	0	0	2
1313.0	0	1	0	0
1314.0	0	0	0	1
1315.0	0	0	0	1
1316.0	0	1	0	0
1318.0	0	3	0	2
1321.0	0	1	0	0
1322.0	0	1	0	1
1324.0	0	2	0	0
1326.0	0	0	0	1
1327.0	0	1	0	0
1328.0	0	0	0	1
1332.0	0	0	0	1
1333.0	0	0	0	1
1335.0	0	0	0	2
1336.0	0	1	0	1
1337.0	0	1	0	0
1338.0	0	1	0	0
1339.0	0	0	0	2
1340.0	0	0	0	1
1341.0	0	1	0	2
1342.0	0	2	0	0
1344.0	0	1	0	0
1345.0	0	2	0	0
1348.0	0	1	0	0
1349.0	0	0	0	1
1350.0	0	1	0	2
1351.0	0	2	0	0
1353.0	0	0	0	1
1355.0	0	1	0	0
1358.0	0	1	0	0
1359.0	0	0	0	1
1360.0	0	0	0	1
1361.0	0	1	0	1
1362.0	0	0	0	1
1363.0	0	3	0	0
1364.0	0	1	0	1
1365.0	0	0	0	1
1367.0	0	0	0	3
1368.0	0	1	0	0
1372.0	0	1	0	1
1373.0	0	1	0	1
1374.0	0	2	0	0
1377.0	0	0	0	1
1378.0	0	0	0	1
1379.0	0	2	0	0
1380.0	0	2	0	2
1384.0	0	1	0	1
1385.0	0	0	0	1
1388.0	0	1	0	0
1389.0	0	0	0	2
1391.0	0	1	0	0
1393.0	0	0	0	1
1394.0	0	2	0	0
1395.0	0	0	0	1
1396.0	0	1	0	2
1397.0	0	0	0	1
1401.0	0	1	0	2
1402.0	0	1	0	1
1403.0	0	0	0	1
1405.0	0	1	0	0
1407.0	0	1	0	0
1410.0	0	1	0	2
1411.0	0	1	0	0
1413.0	0	1	0	2
1415.0	0	1	0	0
1416.0	0	2	0	0
1417.0	0	1	0	1
1419.0	0	1	0	0
1420.0	0	1	0	2
1421.0	0	0	0	1
1422.0	0	0	0	1
1423.0	0	1	0	0
1425.0	0	1	0	0
1427.0	0	2	0	1
1429.0	0	1	0	1
1430.0	0	0	0	2
1431.0	0	1	0	2
1432.0	0	1	0	0
1434.0	0	1	0	0
1435.0	0	2	0	1
1436.0	0	1	0	0
1437.0	0	1	0	0
1438.0	0	1	0	0
1440.0	0	1	0	0
1441.0	0	1	0	0
1446.0	0	0	0	1
1448.0	0	0	0	1
1452.0	0	0	0	1
1453.0	0	1	0	0
1458.0	0	1	0	0
1459.0	0	0	0	1
1461.0	0	1	0	0
1465.0	0	0	0	2
1466.0	0	0	0	1
1470.0	0	2	0	3
1478.0	0	2	0	1
1481.0	0	1	0	0
1486.0	0	0	0	1
1489.0	0	2	0	0
1491.0	0	1	0	1
1493.0	0	1	0	0
1499.0	0	1	0	0
1500.0	0	0	0	1
1503.0	0	0	0	1
1505.0	0	0	0	1
1506.0	0	1	0	0
1511.0	0	1	0	0
1514.0	0	0	0	1
1520.0	0	0	0	1
1521.0	0	1	0	1
1526.0	0	1	0	0
1528.0	0	1	0	0
1531.0	0	0	0	1
1535.0	0	0	0	1
1537.0	0	0	0	2
1538.0	0	0	0	1
1543.0	0	1	0	0
1544.0	0	1	0	0
1545.0	0	0	0	1
1548.0	0	1	0	1
1549.0	0	0	0	1
1550.0	0	1	0	2
1552.0	0	0	0	1
1554.0	0	2	0	0
1556.0	0	1	0	0
1557.0	0	1	0	0
1559.0	0	3	0	0
1560.0	0	1	0	0
1561.0	0	0	0	1
1563.0	0	0	0	1
1564.0	0	0	0	1
1566.0	0	1	0	0
1568.0	0	0	0	1
1569.0	0	1	0	0
1570.0	0	0	0	1
1571.0	0	0	0	1
1575.0	0	0	0	1
1577.0	0	2	0	0
1578.0	0	1	0	2
1579.0	0	1	0	0
1583.0	0	1	0	0
1584.0	0	0	0	2
1585.0	0	0	0	1
1587.0	0	1	0	0
1590.0	0	0	0	1
1591.0	0	1	0	0
1595.0	0	0	0	1
1599.0	0	1	0	0
1600.0	0	0	0	1
1602.0	0	0	0	1
1603.0	0	1	0	0
1604.0	0	1	0	0
1606.0	0	1	0	1
1611.0	0	0	0	1
1613.0	0	1	0	1
1617.0	0	1	0	0
1618.0	0	1	0	0
1620.0	0	0	0	1
1622.0	0	0	0	1
1623.0	0	1	0	0
1624.0	0	1	0	0
1626.0	0	0	0	2
1628.0	0	1	0	3
1630.0	0	1	0	1
1631.0	0	1	0	0
1632.0	0	1	0	0
1633.0	0	1	0	0
1635.0	0	1	0	0
1642.0	0	1	0	0
1645.0	0	0	0	2
1647.0	0	1	0	0
1650.0	0	0	0	1
1652.0	0	1	0	0
1654.0	0	1	0	0
1656.0	0	0	0	1
1658.0	0	0	0	1
1661.0	0	0	0	1
1662.0	0	0	0	1
1664.0	0	0	0	1
1665.0	0	0	0	1
1666.0	0	1	0	0
1671.0	0	0	0	1
1673.0	0	2	0	0
1674.0	0	1	0	0
1676.0	0	1	0	0
1680.0	0	1	0	0
1682.0	0	1	0	0
1684.0	0	1	0	0
1686.0	0	0	0	1
1690.0	0	0	0	1
1693.0	0	1	0	0
1695.0	0	0	0	1
1696.0	0	1	0	1
1698.0	0	0	0	2
1701.0	0	1	0	0
1703.0	0	1	0	0
1705.0	0	0	0	2
1711.0	0	1	0	0
1715.0	0	1	0	0
1719.0	0	0	0	2
1720.0	0	0	0	1
1721.0	0	1	0	1
1724.0	0	2	0	0
1725.0	0	0	0	1
1729.0	0	1	0	0
1730.0	0	0	0	1
1733.0	0	1	0	0
1737.0	0	0	0	1
1738.0	0	0	0	1
1741.0	0	0	0	1
1742.0	0	1	0	0
1743.0	0	1	0	0
1745.0	0	1	0	0
1747.0	0	1	0	0
1749.0	0	2	0	0
1750.0	0	0	0	1
1754.0	0	0	0	1
1756.0	0	0	0	3
1759.0	0	1	0	0
1763.0	0	1	0	0
1765.0	0	2	0	0
1767.0	0	1	0	1
1768.0	0	1	0	0
1770.0	0	0	0	1
1781.0	0	1	0	0
1782.0	0	1	0	0
1784.0	0	0	0	2
1792.0	0	1	0	0
1793.0	0	1	0	0
1794.0	0	0	0	1
1798.0	0	1	0	0
1802.0	0	0	0	1
1807.0	0	0	0	1
1809.0	0	0	0	1
1810.0	0	1	0	0
1812.0	0	0	0	1
1815.0	0	1	0	0
1816.0	0	1	0	1
1818.0	0	0	0	1
1819.0	0	1	0	0
1826.0	0	1	0	0
1832.0	0	1	0	0
1842.0	0	0	0	1
1846.0	0	0	0	1
1848.0	0	1	0	0
1855.0	0	1	0	0
1859.0	0	0	0	1
1861.0	0	0	0	1
1862.0	0	0	0	2
1867.0	0	0	0	1
1868.0	0	0	0	1
1871.0	0	0	0	1
1872.0	0	1	0	0
1874.0	0	2	0	0
1878.0	0	3	0	1
1886.0	0	0	0	1
1888.0	0	1	0	0
1893.0	0	1	0	0
1895.0	0	1	0	0
1896.0	0	0	0	1
1897.0	0	0	0	1
1903.0	0	1	0	0
1909.0	0	1	0	0
1910.0	0	0	0	2
1916.0	0	0	0	1
1922.0	0	1	0	0
1924.0	0	1	0	0
1925.0	0	0	0	1
1934.0	0	1	0	0
1943.0	0	1	0	1
1945.0	0	0	0	1
1952.0	0	0	0	1
1955.0	0	1	0	0
1956.0	0	0	0	1
1961.0	0	1	0	1
1965.0	0	1	0	0
1967.0	0	1	0	0
1972.0	0	1	0	0
1997.0	0	0	0	1
2008.0	0	0	0	1
2009.0	0	0	0	1
2010.0	0	1	0	0
2014.0	0	1	0	0
2016.0	0	0	0	1
2017.0	0	1	0	0
2023.0	0	0	0	1
2024.0	0	0	0	1
2031.0	0	1	0	0
2032.0	0	1	0	1
2036.0	0	0	0	1
2037.0	0	0	0	1
2038.0	0	0	0	1
2044.0	0	1	0	0
2046.0	0	0	0	1
2049.0	0	1	0	0
2053.0	0	1	0	0
2056.0	0	0	0	1
2057.0	0	1	0	0
2059.0	0	1	0	1
2062.0	0	0	0	1
2063.0	0	1	0	0
2066.0	0	1	0	0
2074.0	0	0	0	2
2075.0	0	1	0	1
2080.0	0	1	0	0
2085.0	0	1	0	0
2086.0	0	1	0	0
2087.0	0	0	0	1
2094.0	0	0	0	1
2102.0	0	0	0	1
2104.0	0	1	0	0
2107.0	0	1	0	0
2109.0	0	1	0	0
2125.0	0	1	0	2
2139.0	0	0	0	1
2140.0	0	1	0	0
2144.0	0	0	0	1
2151.0	0	1	0	0
2153.0	0	1	0	0
2157.0	0	1	0	0
2158.0	0	0	0	1
2162.0	0	0	0	1
2166.0	0	0	0	1
2183.0	0	1	0	0
2184.0	0	1	0	0
2190.0	0	1	0	0
2202.0	0	0	0	1
2206.0	0	0	0	1
2216.0	0	1	0	0
2228.0	0	0	0	1
2229.0	0	0	0	1
2234.0	0	2	0	0
2245.0	0	0	0	1
2249.0	0	1	0	0
2255.0	0	1	0	0
2271.0	0	0	0	1
2276.0	0	0	0	2
2282.0	0	0	0	1
2287.0	0	1	0	0
2289.0	0	0	0	1
2293.0	0	1	0	0
2295.0	0	1	0	0
2298.0	0	1	0	1
2304.0	0	1	0	1
2306.0	0	0	0	1
2307.0	0	1	0	0
2309.0	0	0	0	1
2311.0	0	1	0	0
2316.0	0	1	0	0
2329.0	0	1	0	0
2332.0	0	0	0	1
2347.0	0	1	0	0
2362.0	0	0	0	1
2374.0	0	1	0	1
2388.0	0	0	0	1
2389.0	0	1	0	1
2397.0	0	0	0	1
2399.0	0	0	0	1
2400.0	0	1	0	0
2409.0	0	1	0	0
2410.0	0	1	0	0
2411.0	0	0	0	1
2413.0	0	0	0	1
2415.0	0	1	0	1
2419.0	0	1	0	0
2440.0	0	1	0	0
2452.0	0	1	0	0
2454.0	0	0	0	1
2464.0	0	0	0	1
2468.0	0	1	0	0
2481.0	0	1	0	0
2499.0	0	0	0	1
2516.0	0	0	0	1
2522.0	0	1	0	0
2523.0	0	1	0	1
2537.0	0	0	0	1
2540.0	0	0	0	1
2541.0	0	1	0	0
2549.0	0	1	0	0
2554.0	0	1	0	0
2599.0	0	0	0	1
2611.0	0	0	0	1
2614.0	0	0	0	1
2616.0	0	1	0	0
2629.0	0	1	0	0
2639.0	0	1	0	0
2647.0	0	0	0	1
2654.0	0	1	0	1
2661.0	0	0	0	1
2663.0	0	1	0	0
2664.0	0	0	0	1
2670.0	0	1	0	0
2677.0	0	1	0	0
2687.0	0	0	0	1
2689.0	0	0	0	1
2702.0	0	1	0	0
2704.0	0	0	0	1
2708.0	0	0	0	1
2714.0	0	1	0	0
2731.0	0	1	0	0
2733.0	0	0	0	1
2738.0	0	0	0	1
2745.0	0	1	0	0
2747.0	0	1	0	0
2756.0	0	1	0	0
2763.0	0	0	0	1
2779.0	0	0	0	1
2784.0	0	0	0	1
2791.0	0	1	0	0
2804.0	0	1	0	0
2809.0	0	1	0	0
2855.0	0	0	0	1
2865.0	0	1	0	0
2874.0	0	0	0	1
2884.0	0	0	0	1
2887.0	0	1	0	0
2890.0	0	0	0	1
2906.0	0	1	0	0
2909.0	0	0	0	1
2915.0	0	1	0	0
2919.0	0	0	0	1
2937.0	0	1	0	0
2939.0	0	1	0	0
2944.0	0	0	0	1
2957.0	0	0	0	1
2960.0	0	1	0	0
2973.0	0	1	0	0
2983.0	0	0	0	1
2989.0	0	0	0	1
2998.0	0	1	0	0
3011.0	0	1	0	0
3057.0	0	0	0	1
3063.0	0	0	0	1
3068.0	0	1	0	0
3081.0	0	1	0	0
3121.0	0	0	0	1
3158.0	0	1	0	0
3180.0	0	0	0	1
3184.0	0	0	0	1
3198.0	0	1	0	0
3199.0	0	1	0	0
3201.0	0	0	0	1
3231.0	0	1	0	0
3263.0	0	0	0	1
3285.0	0	1	0	0
3297.0	0	0	0	1
3315.0	0	1	0	0
3326.0	0	0	0	1
3354.0	0	1	0	0
3358.0	0	0	0	1
3367.0	0	0	0	1
3369.0	0	1	0	0
3388.0	0	1	0	0
3390.0	0	0	0	1
3404.0	0	1	0	0
3408.0	0	0	0	1
3445.0	0	1	0	0
3456.0	0	0	0	1
3480.0	0	1	0	0
3589.0	0	0	0	1
3607.0	0	1	0	0
3790.0	0	0	0	1
3803.0	0	0	0	1
3805.0	0	0	0	1
3820.0	0	1	0	0
3822.0	0	1	0	0
3845.0	0	1	0	0
3858.0	0	0	0	1
3871.0	0	1	0	0
4008.0	0	0	0	1
4029.0	0	1	0	0
4154.0	0	0	0	1
4155.0	0	0	0	1
4174.0	0	1	0	0
4181.0	0	1	0	0
4209.0	0	0	0	1
4233.0	0	1	0	0
4489.0	0	0	0	1
4551.0	0	1	0	0
4595.0	0	0	0	1
4623.0	0	1	0	0
4681.0	0	0	0	1
4726.0	0	1	0	0
4764.0	0	0	0	1
4784.0	0	0	0	1
4785.0	0	1	0	0
4817.0	0	1	0	0
4932.0	0	0	0	1
4963.0	0	1	0	0
5071.0	0	0	0	1
5077.0	0	0	0	1
5081.0	0	0	0	1
5097.0	0	1	0	0
5108.0	0	1	0	0
5115.0	0	1	0	0
5217.0	0	0	0	1
5236.0	0	1	0	0
5411.0	0	0	0	1
5431.0	0	1	0	0
5439.0	0	0	0	1
5445.0	0	0	0	1
5467.0	0	1	0	0
5474.0	0	1	0	0
5570.0	0	0	0	1
5621.0	0	1	0	0
5885.0	0	0	0	1
5902.0	0	0	0	1
5911.0	0	0	0	1
5921.0	0	1	0	0
5943.0	0	1	0	0
5954.0	0	1	0	0
6168.0	0	0	0	1
6207.0	0	1	0	0
6249.0	0	0	0	1
6273.0	0	1	0	0
6369.0	0	0	0	1
6402.0	0	1	0	0
6677.0	0	0	0	1
6744.0	0	1	0	0
6789.0	0	0	0	1
6818.0	0	1	0	0
7527.0	0	0	0	1
7580.0	0	1	0	0
8331.0	0	0	0	1
8370.0	0	1	0	0
8761.0	0	0	0	1
8820.0	0	1	0	0
9541.0	0	0	0	1
9623.0	0	1	0	0
10275.0	0	0	0	1
10344.0	0	1	0	0
10792.0	0	0	0	1
10915.0	0	1	0	0
13630.0	0	0	0	1
13741.0	0	1	0	0

